//configuration
//#alleledigits(1~4)	#outputdigits(0~10)	#missingallele	#ambiguousallele	#nthreads(1~64)
3	8	000	999	4
//genotype		
Ind	Pop	Am059	Am14	Am005	Am46	Am52	Am061
Q1	C1	217223	136140	100108	094101	140143	230230
W1_1	C1	000000	000000	100111	094120	140147	217230
W1_2	C1	000000	000000	100105	101101	143157	215230
W1_3	C1	000000	000000	100111	101120	143143	219230
W1_4	C1	000000	000000	108115	099101	143150	228230
W1_5	C1	000000	000000	099108	092101	140154	230230
W1_6	C1	000000	000000	100111	101112	143154	219230
W1_7	C1	000000	000000	100107	096101	143154	000000
W1_9	C1	000000	000000	000000	094096	000000	000000
W1_10	C1	000000	000000	099108	094101	140150	215230
W1_11	C1	000000	000000	100106	094101	143143	217230
W1_12	C1	000000	000000	099100	092101	140154	230230
W1_13	C1	000000	000000	102108	094101	143150	217230
W1_14	C1	000000	000000	108111	094112	143154	219230
W1_15	C1	000000	000000	105108	094101	143157	215230
W1_16	C1	000000	000000	108111	094120	140147	217230
W1_17	C1	000000	000000	107108	097101	143153	224230
W1_18	C1	000000	000000	100100	094101	140147	223230
W1_19	C1	000000	000000	100100	097101	140145	217230
W1_20	C1	000000	000000	108113	094097	143143	230234
W1_21	C1	000000	000000	100100	097101	140145	217230
W1_22	C1	000000	000000	100111	101104	140147	221230
W1_23	C1	000000	000000	108108	101101	140147	223230
W1_24	C1	000000	000000	108113	094096	140144	230234
W1_25	C1	000000	000000	099108	094101	140150	215230
W1_26	C1	000000	000000	108108	094110	140144	230235
W1_27	C1	000000	000000	108115	094099	140150	228230
W1_28	C1	000000	000000	107108	094097	143153	224230
W1_29	C1	000000	000000	100105	101101	140153	230232
W1_30	C1	000000	000000	100111	094112	143154	219230
W1_31	C1	000000	000000	099100	092101	143154	219230
W1_32	C1	000000	000000	100105	094094	140153	230232
W1_33	C1	000000	000000	099108	092094	143154	219230
W1_34	C1	000000	000000	105108	094101	143157	215230
W1_35	C1	000000	000000	097100	101114	140150	211230
W1_36	C1	000000	000000	108108	101101	140147	223230
W1_37	C1	000000	000000	108117	094099	140143	230234
W1_38	C1	000000	000000	108108	094110	143143	230235
W1_39	C1	000000	000000	102108	101108	140150	219230
W1_40	C1	000000	000000	100115	099101	140150	228230
W1_41	C1	000000	000000	108111	094120	143147	217230
W1_42	C1	000000	000000	100100	101101	140150	217230
W1_43	C1	000000	000000	102108	094108	000000	219230
W1_44	C1	000000	000000	100111	101112	143154	219230
W1_45	C1	000000	000000	100105	094101	140150	219230
W1_46	C1	000000	000000	100100	094096	140145	217230
W1_47	C1	000000	000000	099108	092094	143154	219230
W1_48	C1	000000	000000	102108	101101	140150	217230
W1_49	C1	000000	000000	105108	094101	143150	219230
W1_50	C1	000000	000000	105108	094094	143153	230232
W1_51	C1	000000	000000	108111	101112	140154	219230
W1_52	C1	000000	000000	100115	094099	143150	228230
W1_53	C1	000000	000000	100102	101108	143150	219230
W1_54	C1	000000	000000	108117	099101	140143	230234
W1_55	C1	000000	000000	105108	101101	140157	215230
W1_56	C1	000000	000000	100105	094101	140157	215230
W1_57	C1	000000	000000	100117	098101	140143	230234
W1_58	C1	000000	000000	108113	094096	140144	230234
W1_59	C1	000000	000000	102108	094108	143150	219230
W1_60	C1	000000	000000	105108	094101	143157	215230
W1_61	C1	000000	000000	100100	101110	140144	230235
W1_62	C1	000000	000000	100111	101120	143143	219230
W1_63	C1	000000	000000	099100	094101	143150	215230
W1_64	C1	000000	000000	099108	092101	140154	219230
W1_65	C1	000000	000000	108111	101120	140143	219230
W1_66	C1	000000	000000	108115	098101	140150	228230
W1_67	C1	000000	000000	100115	094098	140150	228230
W1_68	C1	000000	000000	099108	094101	143150	215230
W1_69	C1	000000	000000	104108	094096	140144	217230
W1_71	C1	000000	000000	100111	094094	000000	217230
W1_72	C1	000000	000000	108108	094101	143147	223230
W1_73	C1	000000	000000	107108	094096	143154	226230
W1_74	C1	000000	000000	099108	092094	143154	219230
W1_75	C1	000000	000000	099108	094101	140150	215230
W1_76	C1	000000	000000	100111	094120	140147	217230
W1_77	C1	000000	000000	100102	094108	143150	000000
W1_78	C1	000000	000000	108111	101112	143154	219230
W1_79	C1	000000	000000	108111	101120	140147	217230
D1_1	C1	223	140	100	000	140	230
D1_2	C1	223	136	108	101	143	230
D1_3	C1	217	140	000	101	143	230
D1_4	C1	223	000	108	094	143	230
D1_5	C1	223	136	100	094	140	230
D1_6	C1	223	136	100	101	140	230
D1_7	C1	000	140	108	000	143	000
D1_8	C1	223	136	000	101	140	230
D1_9	C1	217	136	100	101	140	230
D1_10	C1	217	140	108	101	143	230
D1_11	C1	223	140	108	101	143	230
D1_12	C1	223	140	108	101	140	230
D1_13	C1	223	136	108	101	140	230
D1_14	C1	223	140	108	101	143	230
D1_15	C1	217	136	108	094	143	230
D1_16	C1	000	140	108	000	000	230
D1_17	C1	217	136	100	101	143	230
D1_18	C1	223	140	108	094	140	230
D1_19	C1	223	136	100	101	140	230
D1_20	C1	223	140	108	101	143	230
D1_21	C1	223	140	108	101	143	230
D1_22	C1	223	136	108	101	140	230
D1_23	C1	217	000	000	094	143	000
D1_24	C1	217	000	000	094	140	000
D1_25	C1	223	140	100	094	140	230
D1_26	C1	223	000	000	101	143	230
D1_27	C1	217	136	108	094	140	230
D1_28	C1	217	140	108	094	140	230
D1_29	C1	223	136	100	094	140	230
D1_30	C1	217	136	100	094	140	230
D1_31	C1	217	140	100	101	140	000
D1_32	C1	223	140	108	101	140	230
D1_33	C1	000	140	100	101	000	230
D1_34	C1	000	136	108	000	000	230
D1_35	C1	000	136	100	101	000	230
D1_36	C1	000	140	100	101	000	230
D1_37	C1	000	140	100	101	140	230
D1_38	C1	000	140	000	000	000	230
D1_39	C1	000	140	100	101	000	230
D1_40	C1	217	000	100	101	143	000
D1_41	C1	223	140	100	101	140	230
D1_42	C1	217	140	100	094	140	230
D1_43	C1	223	140	100	101	140	230
D1_44	C1	217	140	100	094	140	230
D1_45	C1	223	136	108	101	140	230
D1_46	C1	223	136	108	101	143	230
D1_47	C1	223	000	100	101	143	000
D1_48	C1	223	000	000	094	143	000
D1_49	C1	223	136	100	101	140	000
D1_50	C1	223	136	108	094	140	230
D1_51	C1	217	136	108	101	140	230
D1_52	C1	223	140	108	101	140	230
D1_53	C1	217	136	108	094	143	230
D1_54	C1	223	136	108	094	143	230
D1_55	C1	223	136	108	101	143	230
D1_56	C1	223	140	108	094	140	230
D1_57	C1	217	136	108	101	143	230
D1_58	C1	223	140	100	101	140	230
D1_59	C1	217	136	108	094	143	230
D1_60	C1	217	140	100	094	143	230
D1_61	C1	223	140	100	101	140	230
D1_62	C1	223	136	108	094	143	230
D1_63	C1	223	136	100	101	143	230
D1_64	C1	223	140	108	094	143	230
D1_65	C1	223	140	100	094	143	230
D1_66	C1	217	136	108	094	140	230
D1_67	C1	217	136	108	101	143	230
D1_68	C1	223	140	108	094	140	230
D1_69	C1	217	136	000	000	143	230
D1_70	C1	217	136	100	101	143	230
D1_71	C1	223	140	108	101	140	230
D1_72	C1	217	136	100	094	140	230
D1_73	C1	217	140	100	101	143	230
D1_74	C1	217	136	100	094	143	230
D1_75	C1	223	136	108	094	140	230
D1_76	C1	217	136	108	094	143	230
D1_77	C1	217	136	100	094	140	230
D1_78	C1	217	136	100	094	143	230
D1_79	C1	223	140	108	101	140	230
D1_80	C1	217	136	100	101	143	230
D1_81	C1	217	136	100	101	143	230
D1_82	C1	217	140	108	101	143	230
D1_83	C1	223	136	108	094	140	230
D1_84	C1	223	136	100	094	143	230
D1_85	C1	217	140	108	101	140	230
D1_86	C1	217	136	100	094	140	230
D1_87	C1	217	140	100	094	140	230
D1_88	C1	217	140	100	101	143	230
D1_89	C1	223	136	100	094	140	230
D1_90	C1	217	140	108	094	140	230
D1_91	C1	223	140	100	101	140	230
D1_92	C1	223	136	100	094	143	230
D1_93	C1	223	140	100	094	143	230
D1_94	C1	223	140	100	101	143	230
D1_95	C1	217	136	100	094	140	230
Q2	C2	215215	138142	107117	097119	145150	228232
W2_1	C2	215217	000000	107107	000000	150152	217232
W2_2	C2	215217	000000	107117	000000	150152	217232
W2_3	C2	215217	000000	107107	000000	150152	217228
W2_4	C2	215227	000000	106117	000000	140150	228230
W2_5	C2	215227	000000	106107	000000	140150	230232
W2_6	C2	215217	000000	107117	000000	145152	217228
W2_7	C2	213215	000000	100117	000000	145155	217232
W2_8	C2	215217	000000	101107	000000	150153	228232
W2_9	C2	213215	000000	100117	000000	145155	217232
W2_10	C2	213215	000000	100107	000000	145155	217228
W2_11	C2	215223	000000	098117	000000	145150	215228
W2_12	C2	215227	000000	106107	000000	140150	228230
W2_14	C2	215219	000000	102117	000000	143145	221228
W2_15	C2	215217	000000	107117	000000	145152	217232
W2_16	C2	215227	000000	106107	000000	140145	228230
W2_17	C2	215219	000000	102117	000000	143145	221228
W2_18	C2	215227	000000	106107	000000	140150	230232
W2_19	C2	215227	000000	106117	000000	140145	228230
W2_20	C2	215217	000000	107107	000000	145152	217228
W2_21	C2	215223	000000	098107	000000	150150	215228
W2_22	C2	213215	000000	100117	000000	145155	217228
W2_23	C2	215223	000000	098117	000000	145150	215228
W2_24	C2	215223	000000	098117	000000	150150	215232
W2_25	C2	215223	000000	098107	000000	145150	215228
W2_26	C2	215223	000000	098117	000000	145150	215232
W2_27	C2	215217	000000	107117	000000	145152	217232
W2_28	C2	213215	000000	100117	000000	150155	217228
W2_29	C2	215223	000000	098107	000000	145150	215232
W2_30	C2	215217	000000	096107	000000	145150	217232
W2_32	C2	215219	000000	102107	000000	143150	221232
W2_33	C2	215219	000000	102117	000000	143145	221232
W2_34	C2	215223	000000	098107	000000	150150	215228
W2_35	C2	215223	000000	098117	000000	150150	215232
W2_36	C2	213215	000000	100107	000000	150155	217232
W2_37	C2	215219	000000	102117	000000	143145	221232
W2_38	C2	215227	000000	106117	000000	140150	230232
W2_39	C2	213215	000000	100107	000000	150155	217228
W2_40	C2	215217	000000	107107	000000	150152	217232
W2_41	C2	215227	000000	106107	000000	140145	228230
W2_42	C2	215217	000000	107107	000000	145152	217232
W2_43	C2	213215	000000	100117	000000	145155	217228
W2_44	C2	211215	000000	107117	000000	140150	228234
W2_45	C2	215219	000000	102117	000000	143150	221232
W2_46	C2	213215	000000	100117	000000	150155	217232
W2_47	C2	215219	000000	102107	000000	143150	221228
W2_48	C2	215219	000000	102117	000000	143150	221232
W2_49	C2	215217	000000	107117	000000	145152	217228
W2_50	C2	215223	000000	098107	000000	145150	215228
W2_51	C2	215219	000000	102107	000000	143150	221228
W2_52	C2	213215	000000	100107	000000	150155	217232
W2_53	C2	215217	000000	107107	000000	150152	217232
W2_54	C2	215227	000000	106117	000000	140145	228230
W2_55	C2	215217	000000	107117	000000	150152	217232
W2_56	C2	213215	000000	100107	000000	145155	217232
W2_57	C2	215223	000000	098117	000000	150150	215232
W2_58	C2	215217	000000	107107	000000	145152	217232
W2_59	C2	215227	000000	106117	000000	140150	228230
W2_60	C2	215227	000000	106117	000000	140150	000000
D2_1	C2	215	000	000	000	150	000
D2_2	C2	215	138	107	000	000	228
D2_3	C2	215	142	117	000	145	232
D2_4	C2	215	142	117	000	150	232
D2_5	C2	215	142	107	000	150	228
D2_6	C2	215	138	117	000	150	228
D2_7	C2	215	142	107	000	145	232
D2_8	C2	215	138	107	000	150	228
D2_9	C2	215	142	107	000	150	228
D2_10	C2	215	142	117	000	145	232
D2_11	C2	215	142	117	000	150	228
D2_12	C2	215	142	107	000	145	232
D2_13	C2	215	142	107	000	150	228
D2_14	C2	215	138	117	000	145	228
D2_15	C2	215	142	117	000	145	228
D2_16	C2	215	142	117	000	145	232
D2_17	C2	215	138	117	000	150	228
D2_18	C2	215	142	107	000	145	228
D2_19	C2	215	142	107	000	150	232
D2_20	C2	215	142	117	000	145	228
D2_21	C2	215	142	117	000	145	232
D2_22	C2	215	142	107	000	000	232
D2_23	C2	215	142	107	000	150	228
D2_24	C2	215	138	117	000	145	228
D2_25	C2	215	142	107	000	145	232
D2_26	C2	215	138	107	000	150	232
D2_27	C2	215	142	117	000	145	228
D2_28	C2	215	142	117	000	150	232
D2_29	C2	215	138	107	000	150	232
D2_30	C2	215	138	107	000	150	228
D2_31	C2	215	138	107	000	145	232
D2_32	C2	215	138	107	000	145	228
D2_33	C2	215	138	117	000	150	232
D2_34	C2	215	142	117	000	150	232
D2_35	C2	215	138	117	000	145	232
D2_36	C2	215	000	107	000	150	228
D2_37	C2	215	142	107	000	150	232
D2_38	C2	215	142	107	000	145	232
D2_39	C2	215	142	117	000	150	232
D2_40	C2	215	138	117	000	145	228
D2_41	C2	215	142	117	000	145	232
D2_42	C2	215	142	117	000	150	232
D2_43	C2	215	142	117	000	150	232
D2_44	C2	215	138	117	000	150	228
D2_45	C2	215	142	107	000	150	232
D2_46	C2	215	138	107	000	150	232
D2_47	C2	215	138	107	000	145	228
D2_48	C2	215	142	107	000	150	232
D2_49	C2	215	142	107	000	145	232
D2_50	C2	215	142	117	000	145	228
D2_51	C2	215	138	107	000	145	232
D2_52	C2	215	142	107	000	150	232
D2_53	C2	215	138	107	000	000	228
D2_54	C2	215	138	107	000	145	232
D2_55	C2	215	138	117	000	150	232
D2_56	C2	215	138	117	000	000	232
D2_57	C2	215	142	107	000	150	232
D2_58	C2	215	142	107	000	150	228
D2_59	C2	215	142	117	000	145	232
D2_60	C2	215	138	117	000	150	232
D2_61	C2	215	138	117	000	145	232
D2_62	C2	215	138	117	000	150	232
D2_63	C2	215	142	117	000	145	228
D2_64	C2	215	138	107	000	150	232
D2_65	C2	215	142	117	000	145	228
D2_66	C2	215	142	117	000	150	232
D2_67	C2	215	142	107	000	150	228
D2_68	C2	215	138	107	000	145	228
D2_69	C2	215	138	107	000	150	232
D2_70	C2	215	138	117	000	145	228
D2_71	C2	215	138	117	000	145	228
D2_72	C2	000	142	000	000	000	232
D2_73	C2	215	142	107	000	145	228
D2_74	C2	215	142	117	000	150	232
D2_75	C2	215	138	107	000	150	228
D2_76	C2	215	138	117	000	145	232
D2_77	C2	215	142	117	000	145	228
D2_78	C2	215	138	107	000	145	228
D2_80	C2	215	138	107	000	150	232
D2_81	C2	215	138	107	000	150	228
D2_82	C2	215	138	107	000	145	232
D2_83	C2	215	142	107	000	150	228
D2_84	C2	215	142	107	000	150	228
D2_85	C2	215	138	107	000	150	232
D2_86	C2	215	138	117	000	150	232
D2_87	C2	215	142	107	000	150	232
D2_88	C2	215	142	107	000	000	232
D2_89	C2	215	000	000	000	145	000
D2_90	C2	215	000	000	000	150	000
D2_91	C2	215	138	107	000	150	232
D2_92	C2	215	142	117	000	145	232
D2_93	C2	215	138	117	000	150	232
D2_94	C2	215	138	117	000	150	228
D2_95	C2	215	138	107	000	145	232
D2_96	C2	215	142	107	000	145	228
Q3	C3	215223	126160	110113	094099	144150	215219
W3_2	C3	000000	000000	110111	099099	144150	215222
W3_3	C3	000000	000000	108113	099099	143150	217219
W3_4	C3	000000	000000	104113	094101	144144	215221
W3_5	C3	000000	000000	113113	094094	000000	215215
W3_6	C3	000000	000000	110117	097099	140150	219221
W3_7	C3	000000	000000	110110	099110	143150	215219
W3_8	C3	000000	000000	108113	094099	143150	215217
W3_9	C3	000000	000000	113118	094099	143150	215215
W3_10	C3	000000	000000	104110	088094	139150	219221
W3_11	C3	000000	000000	102110	088099	144144	215234
W3_12	C3	000000	000000	113113	094099	139144	215219
W3_13	C3	000000	000000	107113	099099	140150	219234
W3_14	C3	000000	000000	113113	099099	144154	215219
W3_15	C3	000000	000000	107113	094099	140150	215234
W3_16	C3	000000	000000	000000	094099	143150	217219
W3_17	C3	000000	000000	113113	094094	144154	215215
W3_18	C3	000000	000000	111113	094094	150150	219222
W3_19	C3	000000	000000	108110	099099	143144	217219
W3_20	C3	000000	000000	107113	094119	144152	215217
W3_22	C3	000000	000000	110110	099110	143144	215219
W3_24	C3	000000	000000	099110	099121	144144	211215
W3_25	C3	000000	000000	110127	088099	144144	215219
W3_26	C3	000000	000000	113117	094097	140150	219221
W3_27	C3	000000	000000	111113	099104	144150	215217
W3_29	C3	000000	000000	104110	099101	139150	219221
W3_30	C3	000000	000000	099113	097099	150152	215219
W3_31	C3	000000	000000	110110	091099	139150	219242
W3_32	C3	000000	000000	111113	094099	140150	219228
W3_33	C3	000000	000000	110110	099110	143150	215215
W3_34	C3	000000	000000	102113	088094	143150	219219
W3_35	C3	000000	000000	110117	099110	143150	215219
W3_36	C3	000000	000000	099113	097099	150152	215219
W3_37	C3	000000	000000	098110	094097	150152	215219
W3_38	C3	000000	000000	113118	099099	143150	215229
W3_39	C3	000000	000000	108110	099099	143144	215217
W3_40	C3	000000	000000	110110	094099	140144	215228
W3_41	C3	000000	000000	098113	094097	144152	219219
W3_42	C3	000000	000000	113117	094097	140150	219221
W3_43	C3	000000	000000	113113	094099	139144	219242
W3_44	C3	000000	000000	110111	099116	144150	219226
W3_45	C3	000000	000000	108110	099099	144154	219251
W3_46	C3	000000	000000	113118	094099	143150	215229
W3_47	C3	000000	000000	113113	094102	150156	215215
W3_48	C3	000000	000000	100110	094099	143144	215240
W3_49	C3	000000	000000	110118	099099	143144	215229
W3_50	C3	000000	000000	113127	088094	143150	219219
W3_51	C3	000000	000000	110111	094101	150150	219226
W3_52	C3	000000	000000	110110	094094	144154	215219
W3_53	C3	000000	000000	000000	092099	000000	215226
W3_54	C3	000000	000000	104113	094106	150154	215242
W3_55	C3	000000	000000	110111	094099	140144	219228
W3_56	C3	000000	000000	108113	099099	150154	219251
W3_57	C3	000000	000000	102110	088094	144150	219219
W3_58	C3	000000	000000	110117	099110	143144	215215
W3_59	C3	000000	000000	111113	094101	150150	219226
W3_60	C3	000000	000000	110110	099119	144150	219230
W3_61	C3	000000	000000	102113	088099	144150	219234
W3_62	C3	000000	000000	110111	099101	144150	219226
W3_63	C3	000000	000000	104113	099106	144154	215242
W3_64	C3	000000	000000	100113	094099	143150	219240
W3_65	C3	000000	000000	104110	099106	150154	219242
W3_66	C3	000000	000000	113113	094102	150156	215219
W3_67	C3	000000	000000	104113	099099	139144	217219
W3_68	C3	000000	000000	104110	088094	139150	219221
W3_69	C3	000000	000000	102110	088094	144144	215219
W3_70	C3	000000	000000	104113	099106	150154	219242
W3_71	C3	000000	000000	110110	094119	144144	219230
W3_72	C3	000000	000000	110117	099110	143144	215215
W3_73	C3	000000	000000	110118	099119	144144	215230
W3_74	C3	000000	000000	110117	099110	143144	215215
W3_75	C3	000000	000000	104113	094101	139144	215221
W3_76	C3	000000	000000	110110	094110	143144	215219
W3_77	C3	000000	000000	110117	094110	143144	215219
W3_78	C3	000000	000000	096110	092099	144144	215226
W3_79	C3	000000	000000	099110	094101	139150	213215
W3_80	C3	000000	000000	108113	099099	143144	215217
W3_81	C3	000000	000000	102113	099125	140144	215234
W3_82	C3	000000	000000	110111	094116	150150	215226
W3_83	C3	000000	000000	108113	094099	143144	215217
W3_84	C3	000000	000000	104113	088094	139144	219221
W3_85	C3	000000	000000	111113	099099	150150	000000
W3_86	C3	000000	000000	110110	099110	143144	215215
W3_87	C3	000000	000000	110110	094102	144155	215215
W3_88	C3	000000	000000	113113	094119	144144	215215
W3_89	C3	000000	000000	104110	094094	139144	215217
W3_90	C3	000000	000000	099113	099121	145150	211219
W3_91	C3	000000	000000	113127	088099	143144	215219
W3_92	C3	000000	000000	102113	088094	144150	215234
D3_1	C3	215	160	110	094	150	215
D3_2	C3	223	126	113	094	150	215
D3_3	C3	223	126	110	094	150	215
D3_4	C3	223	126	110	099	144	215
D3_5	C3	223	126	110	099	150	215
D3_6	C3	215	160	110	094	144	219
D3_7	C3	215	000	000	094	150	000
D3_8	C3	215	000	000	099	150	000
D3_9	C3	223	126	110	094	150	215
D3_10	C3	215	126	110	099	144	219
D3_11	C3	215	160	110	094	150	215
D3_12	C3	223	126	113	094	144	215
D3_13	C3	215	126	110	094	144	219
D3_14	C3	223	126	113	094	150	219
D3_15	C3	223	000	000	094	144	000
D3_16	C3	215	000	000	094	150	000
D3_17	C3	215	160	113	099	150	219
D3_18	C3	215	160	110	099	150	215
D3_19	C3	223	160	110	094	150	215
D3_20	C3	215	126	113	099	144	215
D3_21	C3	223	126	113	099	150	215
D3_22	C3	215	126	113	099	144	219
D3_23	C3	223	126	113	094	144	215
D3_24	C3	215	160	113	094	150	219
D3_25	C3	215	160	110	094	150	219
D3_26	C3	215	160	110	099	144	219
D3_27	C3	223	160	113	094	150	215
D3_28	C3	223	126	113	094	144	219
D3_29	C3	215	160	113	094	144	219
D3_30	C3	223	126	110	094	144	215
D3_31	C3	215	126	113	094	144	215
D3_32	C3	223	160	113	099	150	219
D3_33	C3	223	160	110	099	144	219
D3_34	C3	215	126	113	094	150	215
D3_35	C3	215	126	110	094	144	219
D3_36	C3	223	160	113	094	144	219
D3_37	C3	223	126	110	094	150	215
D3_38	C3	215	126	113	094	150	215
D3_39	C3	223	126	000	099	144	000
D3_40	C3	223	160	113	099	150	219
D3_41	C3	223	160	110	099	144	215
D3_42	C3	223	160	110	094	150	219
D3_43	C3	215	160	110	094	150	215
D3_44	C3	223	160	110	099	144	219
D3_45	C3	223	126	110	094	150	219
D3_46	C3	215	126	110	099	150	219
D3_47	C3	215	000	000	099	144	000
D3_48	C3	223	000	000	094	150	000
Q4	C4	223227	128132	107111	097099	144150	224232
W4_1	C4	000000	000000	100107	097097	139150	232246
W4_2	C4	000000	000000	099111	094097	144144	217224
W4_3	C4	000000	000000	107114	099101	139150	221224
W4_4	C4	000000	000000	107107	099104	150150	215224
W4_5	C4	000000	000000	111114	097101	139150	221224
W4_6	C4	000000	000000	107107	099104	150150	215224
W4_7	C4	000000	000000	100111	097101	144150	232236
W4_8	C4	000000	000000	100111	099101	144150	232236
W4_9	C4	000000	000000	111111	097099	147150	217224
W4_10	C4	000000	000000	107107	099121	144150	213232
W4_11	C4	000000	000000	100111	099101	150150	232236
W4_12	C4	000000	000000	099107	094097	144150	217232
W4_13	C4	000000	000000	100111	097101	144150	232236
W4_14	C4	000000	000000	111111	099104	150150	215224
W4_15	C4	000000	000000	107107	097104	150150	215232
W4_16	C4	000000	000000	107114	099101	139150	221232
W4_17	C4	000000	000000	111111	099112	145150	221232
W4_18	C4	000000	000000	100111	097097	139144	232246
W4_19	C4	000000	000000	107107	097104	150150	215232
W4_20	C4	000000	000000	099107	094099	144150	217224
W4_21	C4	000000	000000	111111	099121	150150	213232
W4_22	C4	000000	000000	107107	097112	145150	221224
W4_23	C4	000000	000000	107107	097101	150150	221232
W4_24	C4	000000	000000	111111	099104	150150	215232
W4_25	C4	000000	000000	107107	099104	150150	215224
W4_26	C4	000000	000000	102107	097122	144150	224234
W4_27	C4	000000	000000	099111	094099	000000	217224
W4_28	C4	000000	000000	100111	000000	000000	224236
W4_29	C4	000000	000000	100111	099101	144150	232236
W4_30	C4	000000	000000	111111	092097	150150	221224
W4_31	C4	000000	000000	107107	099104	150150	215232
W4_32	C4	000000	000000	107107	097112	144145	221232
W4_33	C4	000000	000000	102107	000000	000000	232234
W4_34	C4	000000	000000	107107	097099	147150	217232
W4_36	C4	000000	000000	099111	099119	144150	224246
W4_37	C4	000000	000000	107107	099101	144150	221232
W4_38	C4	000000	000000	111111	092099	144150	221224
W4_39	C4	000000	000000	102107	099122	150150	224234
W4_40	C4	000000	000000	111111	099112	144145	221224
W4_41	C4	000000	000000	111111	097101	144150	221224
W4_42	C4	000000	000000	107107	097104	144150	215232
W4_43	C4	000000	000000	107107	097101	144150	221232
W4_44	C4	000000	000000	100107	097097	139150	224246
W4_45	C4	000000	000000	107111	092099	144150	221232
W4_46	C4	000000	000000	111111	099104	144150	215232
W4_47	C4	000000	000000	107114	099101	139150	221232
W4_48	C4	000000	000000	107107	099121	144150	213224
W4_49	C4	000000	000000	111111	099112	145150	221224
W4_50	C4	000000	000000	099107	097099	144150	217224
W4_51	C4	000000	000000	099107	000000	000000	217224
W4_52	C4	000000	000000	107107	097104	150150	215224
W4_53	C4	000000	000000	111111	099104	144150	215232
W4_54	C4	000000	000000	111111	099104	150150	215232
W4_55	C4	000000	000000	099111	094097	144150	217232
W4_56	C4	000000	000000	099111	094099	000000	217232
W4_57	C4	000000	000000	100107	099101	150150	224236
W4_58	C4	000000	000000	100111	099099	139150	232246
W4_59	C4	000000	000000	100107	099101	150150	224236
W4_60	C4	000000	000000	099107	094099	144144	217224
W4_61	C4	000000	000000	099111	094099	144144	217224
W4_62	C4	000000	000000	099111	099119	144144	232246
W4_63	C4	000000	000000	102111	099099	144150	232234
W4_64	C4	000000	000000	099107	099119	144150	224246
W4_65	C4	000000	000000	099111	094099	144150	217232
W4_66	C4	000000	000000	111111	097099	147150	217232
W4_67	C4	000000	000000	000000	094097	144150	000000
W4_68	C4	000000	000000	099111	094097	144144	217232
W4_69	C4	000000	000000	107107	097112	144145	221224
W4_70	C4	000000	000000	102111	097122	150150	232234
W4_72	C4	000000	000000	111111	099099	144144	217224
W4_73	C4	000000	000000	000000	097104	144150	000000
W4_74	C4	000000	000000	099111	099119	000000	232246
W4_75	C4	000000	000000	102107	097122	144144	232234
W4_76	C4	000000	000000	107107	097104	150150	215232
W4_77	C4	000000	000000	102107	097122	144150	217232
D4_1	C4	223	000	000	097	144	000
D4_5	C4	227	128	107	097	150	000
D4_6	C4	223	128	107	097	150	224
D4_10	C4	227	132	107	097	150	232
D4_13	C4	000	132	107	099	150	232
D4_14	C4	223	128	107	099	150	224
D4_15	C4	000	128	107	097	150	000
D4_16	C4	223	132	107	099	150	224
D4_19	C4	223	132	107	097	144	224
D4_20	C4	223	132	107	099	150	232
D4_21	C4	223	132	107	097	144	224
D4_22	C4	223	128	107	099	144	224
D4_23	C4	227	128	107	099	144	232
D4_25	C4	227	128	107	099	144	224
D4_27	C4	223	132	107	099	150	224
D4_28	C4	227	128	107	097	150	232
D4_29	C4	223	132	107	097	150	224
D4_32	C4	000	132	107	000	150	232
D4_35	C4	223	128	107	099	150	224
D4_36	C4	227	128	107	099	144	232
D4_37	C4	223	128	107	097	150	224
D4_39	C4	223	128	107	097	144	224
D4_40	C4	227	132	107	099	150	224
D4_42	C4	223	132	107	099	150	232
D4_43	C4	227	132	107	099	150	224
D4_44	C4	227	132	107	097	144	232
D4_45	C4	223	132	107	097	144	232
D4_47	C4	223	132	107	099	150	224
D4_50	C4	227	128	107	097	150	224
D4_51	C4	223	128	107	097	150	224
D4_52	C4	223	128	107	097	150	224
D4_54	C4	227	128	107	099	144	224
D4_58	C4	227	128	107	097	150	232
D4_62	C4	223	128	107	097	150	224
D4_63	C4	227	132	107	097	150	224
D4_64	C4	223	132	107	097	150	224
D4_66	C4	223	128	107	097	144	224
D4_67	C4	227	132	107	097	150	232
D4_68	C4	223	128	107	099	150	224
D4_69	C4	227	128	107	097	150	232
D4_71	C4	227	128	107	099	144	232
D4_72	C4	223	132	107	097	150	232
D4_73	C4	223	132	107	097	150	224
D4_75	C4	227	132	107	099	150	224
D4_77	C4	223	132	107	099	150	232
D4_78	C4	223	132	107	099	150	232
D4_81	C4	227	132	107	097	150	224
D4_82	C4	223	132	107	099	150	224
D4_83	C4	227	132	107	099	150	224
D4_85	C4	223	132	107	099	150	224
D4_88	C4	000	132	107	000	000	232
D4_89	C4	227	128	107	097	150	224
D4_91	C4	227	128	107	099	150	224
D4_93	C4	223	132	107	097	150	232
D4_95	C4	000	128	107	000	000	224
Q5_1	C51	209209	130132	104111	092125	147152	215219
W5_1	C51	000000	000000	104111	092125	147154	219219
W5_2	C51	000000	000000	111111	092099	152152	215219
W5_3	C51	000000	000000	101104	092119	147152	211219
W5_4	C51	000000	000000	111117	097125	139147	215228
W5_5	C51	000000	000000	104104	099125	147152	215221
W5_7	C51	000000	000000	104104	092099	145147	213215
W5_8	C51	000000	000000	101104	092119	147152	211219
W5_9	C51	000000	000000	104104	092092	152154	219219
W5_10	C51	000000	000000	111111	092092	139147	215217
W5_11	C51	000000	000000	111111	092099	152152	215221
W5_12	C51	000000	000000	108111	097125	147152	211215
W5_14	C51	000000	000000	097111	092102	140147	219234
W5_15	C51	000000	000000	104117	092097	139152	219228
W5_16	C51	000000	000000	104104	092099	145147	213219
W5_17	C51	000000	000000	104115	092099	144152	215217
W5_18	C51	000000	000000	111117	092097	139152	215228
W5_19	C51	000000	000000	109111	094125	140147	215217
W5_20	C51	000000	000000	111117	092097	139152	219228
W5_22	C51	000000	000000	104117	092097	139152	219228
W5_23	C51	000000	000000	111117	092097	139147	215228
W5_24	C51	000000	000000	104104	092092	139147	215217
W5_25	C51	000000	000000	104109	092094	140152	215217
W5_26	C51	000000	000000	108111	092097	147152	211215
W5_27	C51	000000	000000	104104	092125	147154	215219
W5_28	C51	000000	000000	109111	094125	140147	217219
W5_29	C51	000000	000000	104115	092099	144147	217219
W5_30	C51	000000	000000	111117	097125	139147	215228
W5_31	C51	000000	000000	104111	101125	143152	217219
W5_32	C51	000000	000000	111115	092099	144147	217219
W5_33	C51	000000	000000	096111	102125	140147	215234
W5_34	C51	000000	000000	104104	099125	145152	213215
W5_35	C51	000000	000000	104104	116125	144152	000000
W5_36	C51	000000	000000	111111	099125	145152	213215
W5_37	C51	000000	000000	109111	092094	140152	000000
W5_38	C51	000000	000000	108111	097125	147152	211219
W5_39	C51	000000	000000	104117	097125	139152	219228
W5_40	C51	000000	000000	104104	092125	152154	219219
W5_41	C51	000000	000000	104111	101125	143152	215217
W5_42	C51	000000	000000	111117	092097	139152	215228
W5_43	C51	000000	000000	104104	092092	147154	219219
W5_44	C51	000000	000000	111115	092099	144152	217219
W5_45	C51	000000	000000	104104	092092	147152	219232
W5_46	C51	000000	000000	111111	092099	152152	219221
W5_48	C51	000000	000000	104117	097125	139152	215228
W5_49	C51	000000	000000	108111	097125	147147	211219
W5_50	C51	000000	000000	100104	097125	140152	219230
W5_51	C51	000000	000000	098111	092101	139152	000000
W5_52	C51	000000	000000	111115	099125	144152	217219
W5_53	C51	000000	000000	111111	092092	139152	215217
W5_54	C51	000000	000000	104115	099125	144152	215217
W5_55	C51	000000	000000	104111	106125	140147	215232
W5_56	C51	000000	000000	111111	092099	152152	215221
W5_57	C51	000000	000000	111111	099125	147152	219221
W5_58	C51	000000	000000	098104	092101	139152	215240
W5_59	C51	000000	000000	111117	092097	139152	000000
W5_60	C51	000000	000000	111111	092099	147152	219221
W5_61	C51	000000	000000	111117	092097	139147	219228
W5_62	C51	000000	000000	104104	092116	144147	219224
W5_63	C51	000000	000000	096104	092102	140152	219234
W5_64	C51	000000	000000	104104	102125	147152	213219
W5_65	C51	000000	000000	104111	092092	147154	215219
W5_66	C51	000000	000000	109111	094125	140152	000000
W5_67	C51	000000	000000	109111	092094	140152	217219
W5_68	C51	000000	000000	104108	097125	147147	211215
W5_69	C51	000000	000000	108111	097125	147152	211215
W5_70	C51	000000	000000	104104	092099	145147	213215
W5_71	C51	000000	000000	104111	125125	147152	219232
W5_72	C51	000000	000000	111111	092099	152152	219221
W5_73	C51	000000	000000	108111	092097	147152	211219
W5_74	C51	000000	000000	104117	097125	139152	219228
W5_75	C51	000000	000000	104117	097125	139147	215228
W5_76	C51	000000	000000	104104	092099	152152	215221
W5_77	C51	000000	000000	111115	092099	144147	217219
W5_78	C51	000000	000000	104111	092092	147152	215232
W5_79	C51	000000	000000	108111	097125	147152	211215
W5_80	C51	000000	000000	111115	092099	144152	000000
W5_81	C51	000000	000000	096111	092102	140147	215234
W5_82	C51	000000	000000	098111	101125	139152	000000
W5_83	C51	000000	000000	104104	125125	147152	219232
W5_84	C51	000000	000000	108111	097125	147147	211219
W5_85	C51	000000	000000	104108	097125	147147	211215
W5_86	C51	000000	000000	100111	092097	140152	215230
W5_87	C51	000000	000000	100111	119125	147152	211215
W5_88	C51	000000	000000	104111	092092	152154	219219
W5_89	C51	000000	000000	111114	092098	143152	217219
W5_90	C51	000000	000000	104104	100125	150152	217219
W5_91	C51	000000	000000	104111	000000	152152	219232
W5_92	C51	000000	000000	100104	119125	147152	211219
W5_93	C51	000000	000000	105104	092107	139147	219232
W5_94	C51	000000	000000	097104	092102	139147	219234
W5_95	C51	000000	000000	104111	092092	147152	215233
W5_96	C51	000000	000000	104104	092098	152152	219221
W5_97	C51	000000	000000	111117	096125	138147	219229
W5_98	C51	000000	000000	111111	098125	147152	219221
W5_100	C51	000000	000000	111111	098125	144152	213215
W5_101	C51	000000	000000	104111	102125	152152	213219
W5_102	C51	000000	000000	104111	105125	139147	215232
W5_103	C51	000000	000000	104111	092125	152154	215219
W5_104	C51	000000	000000	104107	092096	147147	211215
W5_106	C51	000000	000000	104104	098125	152152	219221
W5_107	C51	000000	000000	104104	102125	152152	213219
W5_108	C51	000000	000000	108111	094125	139152	217219
W5_109	C51	000000	000000	104104	098125	152152	215221
W5_110	C51	000000	000000	104114	098125	143147	215217
W5_111	C51	000000	000000	108111	092094	139152	217219
W5_112	C51	000000	000000	104117	092096	138152	219229
W5_113	C51	000000	000000	104111	092100	142147	215233
W5_114	C51	000000	000000	104111	102125	152152	213219
W5_115	C51	000000	000000	097104	100125	138152	215215
W5_116	C51	000000	000000	104111	092100	152154	215219
W5_117	C51	000000	000000	104111	092092	147154	219219
W5_118	C51	000000	000000	111111	098125	147152	219221
W5_119	C51	000000	000000	111111	125125	152152	219219
W5_120	C51	000000	000000	104111	125125	152152	219232
W5_121	C51	000000	000000	104104	000000	143152	219225
W5_122	C51	000000	000000	104111	100125	142152	215217
W5_123	C51	000000	000000	104104	100125	150152	217219
W5_124	C51	000000	000000	104111	092092	147152	219232
W5_125	C51	000000	000000	108111	094125	139147	215217
W5_126	C51	000000	000000	104104	107125	139147	219232
W5_127	C51	000000	000000	104104	100125	142152	219233
W5_128	C51	000000	000000	104104	098125	147152	215221
W5_129	C51	000000	000000	111111	092098	144147	213215
W5_130	C51	000000	000000	111111	092098	147152	215221
W5_131	C51	000000	000000	104104	092098	144147	213219
W5_132	C51	000000	000000	104104	092125	147154	215219
W5_133	C51	000000	000000	104107	096125	147152	211215
W5_134	C51	000000	000000	111111	092092	143147	215225
W5_135	C51	000000	000000	104111	092100	150152	217219
W5_136	C51	000000	000000	097111	100125	138152	215215
W5_137	C51	000000	000000	104104	098125	147152	219221
W5_139	C51	000000	000000	111111	092098	144152	215215
W5_141	C51	000000	000000	104104	092106	139147	215232
W5_143	C51	000000	000000	108111	092094	139152	215217
W5_147	C51	000000	000000	111117	092096	139147	219229
W5_148	C51	000000	000000	108111	092094	139147	215217
W5_151	C51	000000	000000	104111	092100	142152	215217
W5_158	C51	000000	000000	111117	096125	138147	219229
W5_159	C51	000000	000000	100104	096125	139147	215230
W5_160	C51	000000	000000	097104	102125	147153	213219
W5_161	C51	000000	000000	111117	092104	147152	215221
W5_165	C51	000000	000000	111111	092092	138152	217219
W5_166	C51	000000	000000	104104	100125	150152	217219
W5_168	C51	000000	000000	104104	092098	144152	213219
W5_170	C51	000000	000000	100111	096125	139152	219230
W5_172	C51	000000	000000	108111	094125	139152	215217
W5_173	C51	000000	000000	104104	092092	152154	204219
W5_182	C51	000000	000000	111111	098125	144147	213219
W5_183	C51	000000	000000	104107	092104	139147	215221
D5_1	C51	209	000	104	125	147	219
D5_2	C51	209	130	104	125	147	215
D5_7	C51	209	130	104	125	152	219
D5_10	C51	000	000	000	125	152	000
D5_12	C51	209	132	111	092	152	215
D5_15	C51	209	130	111	125	147	215
D5_18	C51	209	000	104	092	152	215
D5_20	C51	000	130	111	092	147	219
D5_28	C51	209	130	111	092	152	215
D5_31	C51	209	130	104	092	152	219
D5_34	C51	209	130	111	092	152	215
D5_35	C51	000	130	111	092	147	215
D5_36	C51	209	130	111	092	152	215
D5_40	C51	209	130	104	092	152	219
D5_45	C51	000	000	104	092	147	219
Q5_2	C52	217225	132138	117117	104106	148150	215234
D5_3	C52	225	138	117	106	150	234
D5_4	C52	000	000	117	000	000	000
D5_5	C52	225	138	117	106	150	215
D5_6	C52	225	138	000	106	148	215
D5_8	C52	217	138	117	106	148	215
D5_11	C52	225	132	117	106	148	215
D5_14	C52	217	138	117	104	148	234
D5_16	C52	225	132	117	106	150	215
D5_17	C52	000	138	117	000	000	215
D5_19	C52	217	132	117	104	150	234
D5_21	C52	217	138	117	104	148	215
D5_22	C52	225	138	117	106	150	215
D5_24	C52	225	132	117	106	150	234
D5_25	C52	225	138	117	104	150	215
D5_26	C52	217	000	117	104	150	000
D5_27	C52	225	132	117	106	148	234
D5_29	C52	217	132	117	106	150	000
D5_30	C52	217	132	117	104	150	234
D5_32	C52	217	138	117	106	148	215
D5_37	C52	225	138	117	104	148	215
D5_38	C52	225	138	000	106	150	215
D5_41	C52	225	132	117	104	150	234
D5_42	C52	225	132	117	106	150	215
D5_43	C52	217	132	117	106	148	215
D5_44	C52	225	132	117	106	148	234
D5_46	C52	225	132	000	104	150	234
D5_48	C52	217	138	000	106	148	234
D5_49	C52	225	138	000	106	150	215
D5_50	C52	225	132	117	106	150	215
D5_51	C52	225	132	117	104	150	234
D5_52	C52	225	132	000	104	150	215
D5_53	C52	217	132	117	104	150	234
D5_54	C52	225	138	117	104	148	234
D5_55	C52	000	000	117	000	000	000
D5_56	C52	217	132	117	106	148	234
D5_57	C52	217	000	000	104	148	000
D5_58	C52	217	138	000	104	148	234
D5_59	C52	217	138	117	106	150	234
D5_60	C52	225	132	000	104	150	215
D5_61	C52	217	132	117	104	150	234
D5_62	C52	225	138	000	104	148	215
D5_63	C52	225	138	117	106	148	215
D5_64	C52	225	138	000	104	148	215
D5_65	C52	225	138	000	106	148	215
D5_66	C52	217	138	000	104	148	215
D5_67	C52	225	138	117	106	150	234
D5_68	C52	217	138	117	104	148	215
D5_69	C52	217	132	000	106	148	215
D5_70	C52	217	132	117	106	148	234
D5_71	C52	000	000	117	000	000	000
D5_72	C52	000	138	117	106	148	215
D5_73	C52	217	138	000	106	150	234
D5_74	C52	225	132	000	106	148	234
D5_75	C52	217	132	117	104	150	234
D5_76	C52	225	132	117	106	150	234
D5_77	C52	225	132	117	106	150	215
D5_78	C52	225	132	117	106	150	215
D5_79	C52	225	132	117	106	148	215
D5_80	C52	217	132	117	104	150	234
D5_81	C52	217	132	000	104	148	234
D5_82	C52	217	132	000	106	150	234
D5_83	C52	217	138	117	104	148	215
D5_84	C52	000	138	117	106	150	000
D5_85	C52	225	132	117	104	150	215
D5_86	C52	217	138	117	106	150	234
D5_88	C52	217	132	117	104	150	234
D5_90	C52	217	132	117	106	150	215
D5_91	C52	217	138	117	104	148	234
D5_92	C52	217	138	117	104	148	215
D5_93	C52	225	132	117	106	150	234
D5_94	C52	225	132	117	104	150	234
D5_95	C52	217	138	117	106	150	215
D5_96	C52	000	138	117	104	000	215
Q6_1	C61	209219	130130	104111	092125	147152	215219
D6_1	C61	219	000	104	092	152	215
D6_2	C61	209	000	111	092	147	219
D6_3	C61	219	130	111	125	147	215
D6_4	C61	000	130	104	000	000	219
D6_5	C61	219	130	104	092	152	215
D6_6	C61	209	130	104	092	152	219
D6_8	C61	219	130	104	125	152	219
D6_9	C61	209	130	104	092	147	215
D6_10	C61	219	130	111	125	147	219
D6_11	C61	219	000	104	125	152	215
D6_12	C61	209	000	104	125	147	215
D6_13	C61	209	000	104	125	147	219
D6_14	C61	209	000	104	125	147	219
D6_15	C61	000	130	111	125	147	000
D6_16	C61	219	130	104	092	147	219
D6_17	C61	209	000	104	092	147	219
D6_18	C61	219	000	104	125	147	215
D6_19	C61	219	000	104	092	147	219
D6_20	C61	219	000	111	125	147	219
D6_21	C61	209	000	104	092	152	219
D6_22	C61	209	000	111	125	147	215
D6_23	C61	000	000	000	000	147	000
D6_24	C61	209	000	111	125	147	219
D6_25	C61	209	130	104	092	147	215
D6_26	C61	219	000	104	125	147	215
D6_27	C61	219	130	104	092	152	219
D6_28	C61	219	130	104	092	147	215
D6_29	C61	209	130	111	092	147	215
D6_30	C61	209	130	104	092	147	215
D6_31	C61	000	000	104	092	147	215
D6_32	C61	000	000	000	092	000	000
D6_33	C61	209	000	104	092	152	215
D6_34	C61	209	130	111	092	152	215
D6_35	C61	219	130	111	125	152	219
D6_36	C61	219	130	104	092	152	219
D6_37	C61	219	130	111	092	147	215
D6_38	C61	209	130	111	125	147	215
D6_40	C61	219	130	104	125	147	215
D6_41	C61	209	130	104	092	147	219
D6_42	C61	219	130	104	092	152	219
D6_43	C61	209	000	111	092	152	215
D6_44	C61	219	000	111	092	147	215
D6_46	C61	209	130	104	092	147	215
D6_48	C61	209	130	111	092	152	219
D6_49	C61	209	130	111	092	147	219
D6_52	C61	209	000	104	092	147	215
D6_53	C61	209	130	111	092	152	219
D6_54	C61	219	130	111	092	147	215
D6_57	C61	219	130	104	092	147	219
D6_58	C61	219	130	104	125	147	219
D6_60	C61	209	130	111	125	147	219
D6_61	C61	219	130	111	092	147	219
D6_62	C61	209	000	111	092	147	215
D6_64	C61	209	130	111	092	147	215
D6_67	C61	219	130	111	125	152	219
D6_70	C61	209	000	111	125	147	219
D6_71	C61	209	000	104	125	147	215
D6_72	C61	209	130	104	125	147	219
D6_73	C61	219	130	104	125	147	215
D6_77	C61	209	130	111	092	147	219
D6_78	C61	219	000	111	092	152	219
D6_79	C61	209	130	111	092	152	219
D6_80	C61	209	130	111	125	152	215
D6_82	C61	219	130	104	125	147	215
D6_85	C61	209	130	104	092	147	219
D6_91	C61	219	130	111	092	152	219
D6_95	C61	000	130	104	092	147	000
D6_96	C61	219	000	104	092	147	000
Q6_2	C62	217225	132138	117117	104106	148150	215234
W6_1	C62	000000	000000	000000	106121	140150	000000
W6_2	C62	000000	132136	000000	099104	150152	000000
W6_3	C62	000000	132136	000000	099104	150152	215219
W6_4	C62	000000	130138	000000	094106	143148	217234
W6_5	C62	000000	130132	000000	094104	150156	215232
W6_7	C62	000000	130138	000000	106119	150150	230234
W6_9	C62	000000	132132	000000	106121	140150	215232
W6_10	C62	000000	128138	000000	094104	150156	215232
W6_11	C62	000000	136138	000000	094104	148156	232234
W6_12	C62	000000	132138	000000	106106	143148	232234
W6_13	C62	000000	128138	000000	000000	000000	232234
W6_14	C62	000000	130132	000000	099106	147150	215217
W6_15	C62	000000	132138	000000	092106	000000	221234
W6_16	C62	000000	132132	000000	106112	150150	234236
W6_17	C62	000000	136138	000000	099106	148152	215219
W6_18	C62	000000	136138	000000	094104	150156	215232
W6_19	C62	000000	126138	000000	101106	150156	211215
W6_20	C62	000000	132138	000000	092106	150152	221234
W6_21	C62	000000	138140	000000	099104	133148	215234
W6_22	C62	000000	138138	000000	104121	148148	234242
W6_23	C62	000000	136138	000000	094106	000000	215232
W6_24	C62	000000	138138	000000	094104	000000	215232
W6_25	C62	000000	136138	000000	104121	140148	232234
W6_26	C62	000000	132132	000000	106121	148148	215228
W6_27	C62	000000	126138	000000	088106	144148	219234
W6_28	C62	000000	130138	000000	106119	150150	230234
W6_29	C62	000000	132136	000000	099106	148152	215219
W6_30	C62	000000	138138	000000	097106	150152	215224
W6_31	C62	000000	126132	000000	101106	150156	211234
W6_34	C62	000000	126132	000000	088104	144150	000000
W6_35	C62	000000	132132	000000	106112	150150	234236
W6_36	C62	000000	132138	000000	097104	140148	215221
W6_37	C62	000000	132132	000000	097104	140150	221234
W6_38	C62	000000	132132	000000	094104	150156	232234
W6_39	C62	000000	132138	000000	092106	150152	221234
W6_40	C62	000000	128138	000000	094106	150156	215232
W6_41	C62	000000	136138	000000	104121	148148	234242
W6_42	C62	000000	132136	000000	097106	150152	215224
W6_43	C62	000000	138138	000000	094104	148156	215232
W6_44	C62	000000	132134	000000	104112	150150	234234
W6_45	C62	000000	130138	000000	094104	143148	217234
W6_46	C62	000000	132132	000000	094104	148156	215232
W6_47	C62	000000	132138	000000	094106	150156	215232
W6_48	C62	000000	132140	000000	099106	133148	215234
W6_49	C62	000000	132138	000000	104106	140148	215234
W6_51	C62	000000	130132	000000	104106	140150	224234
W6_52	C62	000000	132138	000000	094104	140150	215232
W6_53	C62	000000	130132	000000	104119	148148	215230
W6_54	C62	000000	138138	000000	099104	143148	215221
W6_55	C62	000000	132132	000000	104121	148148	215234
W6_56	C62	000000	132136	000000	099104	148152	215219
W6_57	C62	000000	130132	000000	094104	143148	217234
W6_58	C62	000000	130132	000000	099106	147150	215234
W6_59	C62	000000	132138	000000	092104	150152	215221
W6_60	C62	000000	136138	000000	097106	140148	228234
W6_61	C62	000000	126138	000000	088106	144150	219234
W6_63	C62	000000	130138	000000	099106	147148	217234
W6_64	C62	000000	132138	000000	097104	140150	215234
W6_65	C62	000000	132138	000000	092104	148152	215221
W6_66	C62	000000	136138	000000	099106	148152	219234
W6_68	C62	000000	132132	000000	106119	140148	215234
W6_69	C62	000000	132132	000000	104121	148148	215242
W6_70	C62	000000	136138	000000	097104	140150	000000
W6_71	C62	000000	132136	000000	097104	140148	228234
W6_72	C62	000000	132132	000000	104106	143150	221234
W6_73	C62	000000	132138	000000	097104	140148	221234
W6_74	C62	000000	132132	000000	097106	150152	215224
W6_75	C62	000000	138138	000000	106121	148148	215234
W6_76	C62	000000	132132	000000	097106	140150	215221
W6_77	C62	000000	132138	000000	094106	140148	215232
W6_79	C62	000000	132136	000000	104121	150150	215234
W6_80	C62	000000	132138	000000	097106	140148	215221
W6_81	C62	000000	132132	000000	104121	148148	215228
W6_82	C62	000000	132136	000000	097106	140150	228234
W6_83	C62	000000	132132	000000	106121	140150	232234
W6_84	C62	000000	132132	000000	097106	140150	215221
W6_85	C62	000000	134138	000000	106112	150150	215215
W6_86	C62	000000	130138	000000	099104	140148	215232
W6_87	C62	000000	136138	000000	097106	140150	215228
W6_88	C62	000000	136138	000000	104121	150150	234242
W6_90	C62	000000	132138	000000	092106	148152	221234
W6_91	C62	000000	132138	000000	097104	140150	215215
W6_92	C62	000000	138138	000000	092104	148152	215221
W6_93	C62	000000	132138	000000	094106	140150	215232
W6_94	C62	000000	132138	000000	097106	148152	224234
W6_95	C62	000000	136138	000000	099106	143150	221234
W6_96	C62	000000	136138	000000	097104	140150	000000
W6_97	C62	000000	132140	000000	099106	133150	234236
W6_98	C62	000000	132132	000000	097104	140148	000000
W6_99	C62	000000	132132	000000	106121	140148	215232
W6_100	C62	000000	130138	000000	099104	147148	217234
W6_101	C62	000000	138138	000000	106121	140148	215232
W6_102	C62	000000	136138	000000	097106	148152	000000
W6_103	C62	000000	132132	000000	097104	140148	215221
W6_105	C62	000000	132132	000000	106121	140148	215232
W6_106	C62	000000	000000	000000	094106	150156	000000
W6_107	C62	000000	138138	000000	106121	148148	215242
W6_108	C62	000000	136138	000000	104121	140150	215232
W6_109	C62	000000	132138	000000	099106	143148	215221
W6_110	C62	000000	130132	000000	099104	147148	215217
W6_112	C62	000000	126132	000000	088104	144148	215219
W6_115	C62	000000	138138	000000	099104	133148	000000
W6_116	C62	000000	132132	000000	104121	150150	234242
W6_117	C62	000000	132132	000000	097106	150152	224234
W6_118	C62	000000	134138	000000	104121	140148	232234
W6_119	C62	000000	132132	000000	094106	150156	232234
W6_121	C62	000000	132132	000000	104121	150150	234242
W6_122	C62	000000	130138	000000	099106	147148	215217
W6_123	C62	000000	138138	000000	106121	140148	215232
W6_124	C62	000000	138138	000000	106121	140148	232234
W6_125	C62	000000	132136	000000	099106	000000	221234
W6_126	C62	000000	126132	000000	088106	144150	219234
W6_127	C62	000000	138138	000000	106121	150150	228234
W6_128	C62	000000	132132	000000	106121	140150	232234
W6_130	C62	000000	132132	000000	094104	150156	232234
W6_131	C62	000000	128138	000000	106121	148148	215215
W6_132	C62	000000	136138	000000	099104	148152	219234
W6_133	C62	000000	138138	000000	104121	148148	228234
W6_134	C62	000000	132138	000000	104121	140150	215232
W6_135	C62	000000	132132	000000	104121	150150	215242
W6_137	C62	000000	136138	000000	092106	148152	221234
W6_138	C62	000000	138138	000000	097106	148152	224234
W6_139	C62	000000	136138	000000	099104	148152	219234
W6_140	C62	000000	136138	000000	106121	140148	215232
W6_141	C62	000000	132132	000000	097106	140150	221234
W6_142	C62	000000	136138	000000	099106	143148	215221
W6_143	C62	000000	132134	000000	104112	150150	234240
W6_144	C62	000000	132132	000000	104121	140150	232234
W6_186	C62	000000	132134	000000	106106	143148	215232
D6_45	C62	225	138	000	104	148	215
D6_56	C62	217	138	117	106	148	234
D6_59	C62	217	132	117	106	150	234
D6_63	C62	217	138	117	106	148	234
D6_65	C62	217	132	117	104	148	215
D6_66	C62	225	132	000	106	148	215
D6_68	C62	225	132	000	104	148	234
D6_69	C62	000	132	117	000	000	215
D6_74	C62	217	138	000	106	150	215
D6_75	C62	225	138	117	106	148	215
D6_76	C62	217	138	000	106	148	215
D6_83	C62	225	138	000	104	148	234
D6_86	C62	225	138	000	106	150	215
D6_87	C62	225	138	117	104	150	215
D6_88	C62	217	138	117	104	148	215
D6_89	C62	217	132	117	106	150	215
D6_90	C62	217	138	117	106	148	234
D6_92	C62	225	132	117	104	150	215
D6_93	C62	225	138	117	106	150	234
D6_94	C62	225	138	117	106	150	234
Q7	C7	223225	132136	100104	101104	150152	219232
W7_1	C7	215223	000000	104107	000000	000000	219219
W7_2	C7	215223	000000	096104	000000	000000	219230
W7_3	C7	223227	000000	100107	000000	000000	226232
W7_4	C7	219223	000000	100100	000000	000000	219219
W7_5	C7	217223	000000	104104	000000	000000	232232
W7_6	C7	223225	000000	104110	000000	000000	224232
W7_7	C7	000000	000000	098104	000000	000000	230232
W7_8	C7	215223	000000	104107	000000	000000	219230
W7_9	C7	217225	000000	104104	000000	000000	215219
W7_10	C7	221225	000000	096104	000000	000000	219226
W7_11	C7	215223	000000	100109	000000	000000	213232
W7_13	C7	223225	000000	104107	000000	000000	217232
W7_14	C7	215225	000000	100101	000000	000000	217232
W7_15	C7	219225	000000	104104	000000	000000	219219
W7_17	C7	223227	000000	100107	000000	000000	226232
W7_18	C7	223227	000000	104107	000000	000000	219233
W7_19	C7	215225	000000	104109	000000	000000	213219
W7_20	C7	223223	000000	098104	000000	000000	219233
W7_21	C7	223223	000000	104104	000000	000000	211219
W7_23	C7	219223	000000	096104	000000	000000	219228
W7_24	C7	217223	000000	096100	000000	000000	217219
W7_25	C7	217223	000000	100104	000000	000000	232232
W7_28	C7	223225	000000	098100	000000	000000	230232
W7_29	C7	225227	000000	104107	000000	000000	219232
W7_30	C7	223223	000000	098104	000000	000000	219219
W7_31	C7	221223	000000	096104	000000	000000	219226
W7_32	C7	223225	000000	104104	000000	000000	211219
W7_34	C7	223227	000000	104107	000000	000000	219233
W7_36	C7	211223	000000	098104	000000	000000	215232
W7_37	C7	211223	000000	100100	000000	000000	219232
W7_38	C7	223223	000000	104107	000000	000000	217219
W7_39	C7	000000	000000	100101	000000	000000	217219
W7_40	C7	217225	000000	104104	000000	000000	219232
W7_41	C7	217225	000000	104104	000000	000000	215232
W7_42	C7	223227	000000	104107	000000	000000	219219
W7_43	C7	221223	000000	096100	000000	000000	219226
W7_45	C7	221225	000000	096100	000000	000000	219226
W7_46	C7	215225	000000	104108	000000	000000	213232
W7_47	C7	217225	000000	104104	000000	000000	215232
W7_48	C7	225225	000000	099100	000000	000000	230232
W7_49	C7	219225	000000	099100	000000	000000	219232
W7_50	C7	221223	000000	104113	000000	000000	232234
W7_51	C7	223225	000000	100109	000000	000000	219224
W7_52	C7	000000	000000	100100	000000	000000	224232
W7_53	C7	211225	000000	098104	000000	000000	215219
W7_56	C7	215223	000000	104107	000000	000000	219232
W7_57	C7	211225	000000	099104	000000	000000	219219
W7_59	C7	221225	000000	104113	000000	000000	232236
W7_60	C7	223225	000000	104107	000000	000000	217232
W7_61	C7	223227	000000	104107	000000	000000	226232
W7_63	C7	000000	000000	100107	000000	000000	226232
W7_64	C7	223223	000000	096100	000000	000000	219233
W7_65	C7	225225	000000	098100	000000	000000	230232
W7_66	C7	000000	000000	098100	000000	000000	215219
W7_67	C7	211223	000000	104107	000000	000000	217219
W7_68	C7	215223	000000	101104	000000	000000	217232
W7_69	C7	215225	000000	099104	000000	000000	217219
W7_71	C7	223225	000000	104110	000000	000000	219224
W7_74	C7	217223	000000	104108	000000	000000	215232
W7_75	C7	215225	000000	100100	000000	000000	217232
W7_76	C7	219223	000000	104107	000000	000000	219228
W7_78	C7	211223	000000	096104	000000	000000	219234
W7_80	C7	215223	000000	100108	000000	000000	213232
D7_1	C7	223	136	104	101	152	232
D7_2	C7	223	136	104	104	152	219
D7_3	C7	225	132	104	104	152	219
D7_4	C7	223	136	100	104	150	219
D7_5	C7	225	132	100	104	150	219
D7_6	C7	225	132	100	104	150	232
D7_7	C7	225	132	104	104	152	232
D7_8	C7	223	132	100	104	152	232
D7_9	C7	223	132	104	104	150	232
D7_10	C7	223	132	104	104	150	219
D7_11	C7	223	136	100	101	150	232
D7_12	C7	223	136	100	104	150	219
D7_13	C7	225	136	104	104	152	219
D7_14	C7	225	132	104	104	152	232
D7_15	C7	225	132	104	104	150	232
D7_16	C7	223	136	104	101	152	232
D7_17	C7	223	136	100	101	150	219
D7_18	C7	225	136	100	101	152	219
D7_19	C7	225	132	100	101	152	219
D7_20	C7	223	132	104	101	150	219
D7_21	C7	223	132	104	101	152	219
D7_22	C7	225	132	104	104	150	219
D7_23	C7	225	136	104	104	150	232
D7_24	C7	223	136	104	104	150	232
D7_25	C7	000	132	100	101	000	219
D7_26	C7	223	136	100	104	150	232
D7_27	C7	225	132	100	101	150	232
D7_28	C7	223	136	104	104	150	232
D7_29	C7	225	136	104	101	152	219
D7_30	C7	223	136	104	101	152	232
D7_31	C7	223	132	104	104	150	219
D7_32	C7	225	136	104	104	152	232
D7_33	C7	223	136	104	104	152	219
D7_34	C7	225	136	104	104	152	232
D7_35	C7	223	132	104	104	150	232
D7_36	C7	225	136	104	101	152	219
D7_37	C7	223	132	100	101	150	219
D7_38	C7	223	132	100	104	150	219
D7_39	C7	225	132	104	104	152	219
D7_40	C7	223	132	100	101	150	219
D7_41	C7	225	132	104	104	150	219
D7_42	C7	223	136	104	104	152	232
D7_43	C7	225	136	104	101	150	219
D7_44	C7	225	136	104	104	150	219
D7_45	C7	223	136	104	101	150	232
D7_46	C7	225	136	104	104	152	232
D7_47	C7	223	136	100	104	152	219
D7_48	C7	223	000	000	104	150	000
Q8	C8	233233	126126	096108	098100	140143	219233
W8_1	C8	000000	000000	108113	092098	140143	000000
W8_2	C8	000000	000000	108113	092098	143143	215233
W8_4	C8	000000	000000	104108	098106	140140	219234
W8_5	C8	000000	000000	104108	098100	140140	219219
W8_9	C8	000000	000000	096104	098120	143145	217219
W8_11	C8	000000	000000	096104	098100	140140	219233
W8_12	C8	000000	000000	108108	098098	140143	213219
W8_13	C8	000000	000000	108108	098098	140140	213233
W8_14	C8	000000	000000	104108	098100	140143	219219
W8_15	C8	000000	000000	096104	096098	140143	219219
W8_18	C8	000000	000000	108108	098098	143150	219233
W8_19	C8	000000	000000	096108	098098	140140	213233
W8_20	C8	000000	000000	108110	094098	140140	219233
W8_21	C8	000000	000000	096104	098101	140140	219219
W8_22	C8	000000	000000	096113	096098	140140	213219
W8_23	C8	000000	000000	096104	098120	143145	217219
W8_24	C8	000000	000000	108108	098098	140140	213219
W8_25	C8	000000	000000	099108	098098	140150	219233
W8_26	C8	000000	000000	096104	096098	143150	219230
W8_27	C8	000000	000000	096104	098118	143150	219233
W8_28	C8	000000	000000	096108	098098	140143	213219
W8_29	C8	000000	000000	104108	098098	143150	219228
W8_30	C8	000000	000000	096096	098098	143150	219233
W8_31	C8	000000	000000	108110	100100	140153	219228
W8_33	C8	000000	000000	108108	098098	143143	219219
W8_34	C8	000000	000000	096104	096098	143150	230233
W8_35	C8	000000	000000	104108	098120	143145	217219
W8_36	C8	000000	000000	104108	098100	140140	223233
W8_37	C8	000000	000000	096110	094098	140140	233233
W8_38	C8	000000	000000	108108	098100	140153	213233
W8_39	C8	000000	000000	096099	096098	140155	217219
W8_40	C8	000000	000000	096104	098100	140143	223233
W8_41	C8	000000	000000	100108	096098	140153	215233
W8_42	C8	000000	000000	096104	096098	143150	219230
W8_43	C8	000000	000000	096096	098098	140150	219233
W8_44	C8	000000	000000	108108	098098	140143	219219
W8_45	C8	000000	000000	096113	096098	140140	213233
W8_46	C8	000000	000000	096104	098120	143145	217219
W8_47	C8	000000	000000	096113	092098	140143	215233
W8_48	C8	000000	000000	096113	092098	140143	215233
W8_49	C8	000000	000000	096104	098098	140143	219219
W8_50	C8	000000	000000	096104	098120	140145	217219
W8_51	C8	000000	000000	096104	098120	140145	217219
W8_52	C8	000000	000000	096104	098106	140140	219234
W8_53	C8	000000	000000	096108	096098	140140	213219
W8_54	C8	000000	000000	096104	098100	140143	223233
W8_55	C8	000000	000000	108108	098098	140143	219233
W8_56	C8	000000	000000	104108	098120	140145	217219
W8_57	C8	000000	000000	108113	092098	143143	215219
W8_58	C8	000000	000000	108108	098100	143153	219242
W8_59	C8	000000	000000	108108	098098	140140	213233
W8_60	C8	000000	000000	096108	096098	140143	219233
W8_61	C8	000000	000000	096099	098098	143143	219219
W8_62	C8	000000	000000	096104	096098	143150	219228
W8_63	C8	000000	000000	099108	096098	143155	217233
W8_64	C8	000000	000000	096096	098098	140150	233233
W8_65	C8	000000	000000	104108	098098	140140	219233
W8_66	C8	000000	000000	096104	098100	140143	219233
W8_67	C8	000000	000000	096096	098100	143153	219242
W8_68	C8	000000	000000	096096	098098	143143	219219
W8_69	C8	000000	000000	104108	098098	143150	219228
W8_70	C8	000000	000000	096104	096098	140150	219219
W8_71	C8	000000	000000	096113	092098	143143	215219
W8_72	C8	000000	000000	099108	098098	140142	219233
W8_74	C8	000000	000000	096096	098098	143150	219233
W8_75	C8	000000	000000	096096	098098	143150	219233
W8_76	C8	000000	000000	096096	000000	000000	219219
W8_77	C8	000000	000000	096104	098120	143145	217233
W8_78	C8	000000	000000	096096	098098	140143	219219
W8_79	C8	000000	000000	108108	098118	140150	219219
W8_80	C8	000000	000000	096110	094098	140140	219233
W8_81	C8	000000	000000	108108	098098	140140	213233
W8_82	C8	000000	000000	101108	098098	140143	219219
W8_83	C8	000000	000000	108108	098098	143150	233233
W8_84	C8	000000	000000	096096	098100	140153	215233
D8_1	C8	233	000	096	000	143	000
D8_2	C8	233	000	096	000	143	219
D8_3	C8	233	000	108	000	143	233
D8_4	C8	233	000	108	000	143	233
D8_5	C8	233	000	108	000	143	219
D8_6	C8	233	000	108	000	143	233
D8_7	C8	233	000	108	000	140	233
D8_8	C8	233	000	108	000	140	219
D8_9	C8	233	000	096	000	140	233
D8_10	C8	233	000	096	000	140	233
D8_11	C8	233	000	096	000	143	219
D8_12	C8	233	000	096	000	143	233
D8_13	C8	233	000	108	000	143	233
D8_14	C8	233	000	108	000	143	219
D8_15	C8	233	000	108	000	143	233
D8_16	C8	233	000	096	000	143	233
D8_17	C8	233	000	108	000	140	219
D8_18	C8	233	000	096	000	143	219
D8_19	C8	233	000	096	000	143	233
D8_20	C8	233	000	096	000	140	219
D8_21	C8	233	000	108	000	143	219
D8_22	C8	233	000	096	000	143	219
D8_23	C8	233	000	108	000	143	233
D8_24	C8	233	000	096	000	140	233
D8_25	C8	233	000	096	000	140	233
D8_26	C8	233	000	108	000	143	233
D8_27	C8	233	000	096	000	143	233
D8_28	C8	233	000	096	000	140	233
D8_29	C8	233	000	096	000	143	233
D8_30	C8	233	000	096	000	140	219
D8_31	C8	233	000	108	000	140	233
D8_32	C8	233	000	096	000	143	219
D8_33	C8	233	000	096	000	140	219
D8_34	C8	233	000	108	000	140	219
D8_35	C8	233	000	108	000	140	233
D8_36	C8	233	000	096	000	143	219
D8_37	C8	233	000	096	000	143	219
D8_38	C8	233	000	096	000	140	233
D8_39	C8	233	000	108	000	143	233
D8_40	C8	233	000	096	000	140	233
D8_41	C8	233	000	096	000	143	233
D8_42	C8	233	000	108	000	140	219
D8_43	C8	233	000	108	000	143	219
D8_44	C8	233	000	108	000	140	219
D8_45	C8	233	000	096	000	143	219
D8_46	C8	233	000	096	000	140	233
D8_47	C8	000	000	108	000	000	233
D8_48	C8	000	000	108	000	000	219
//end of file
