//configuration
//#alleledigits(1~4)	#outputdigits(0~10)	#missingallele	#ambiguousallele	#nthreads(1~64)
2	8	0	999	4
//allele frequency
Loc1	6	Loc2	5	Loc3	10	Loc4	4	Loc5	7	Loc6	4	Loc7	8	Loc8	7	Loc9	4	Loc10	4	Loc11	7	Loc12	6	Loc13	5	Loc14	8	Loc15	4	Loc16	5	Loc17	6	Loc18	5	Loc19	7	Loc20	6
14	0.006393861892583	15	0.004728132387707	12	0.002369668246445	16	0.028436018957346	15	0.003614457831325	17	0.427860696517413	10	0.003562945368171	14	0.036470588235294	15	0.002347417840376	16	0.113861386138614	14	0.122009569377990	14	0.136138613861386	15	0.004901960784314	16	0.001269035532995	16	0.096698113207547	15	0.002403846153846	14	0.004889975550122	16	0.059523809523810	16	0.001193317422434	14	0.003521126760563
15	0.029411764705882	17	0.524822695035461	13	0.004739336492891	17	0.191943127962085	17	0.166265060240964	18	0.176616915422886	11	0.212589073634204	16	0.005882352941176	16	0.217136150234742	17	0.549504950495050	15	0.001196172248804	16	0.092821782178218	16	0.066176470588235	17	0.250000000000000	17	0.564858490566038	16	0.298076923076923	15	0.124694376528117	17	0.541666666666667	17	0.214797136038186	17	0.717136150234742
16	0.145780051150895	18	0.351063829787234	14	0.009478672985782	18	0.465639810426540	18	0.050602409638554	19	0.069651741293532	12	0.092636579572447	17	0.372941176470588	17	0.518779342723005	18	0.335396039603960	17	0.599282296650718	17	0.675742574257426	17	0.621323529411765	18	0.008883248730964	18	0.332547169811321	17	0.435096153846154	16	0.025672371638142	18	0.330952380952381	18	0.260143198090692	18	0.076291079812207
17	0.648337595907928	19	0.106382978723404	16	0.054502369668246	19	0.313981042654028	19	0.646987951807229	20	0.325870646766169	13	0.161520190023753	18	0.298823529411765	18	0.261737089201878	19	0.001237623762376	18	0.169856459330144	18	0.079207920792079	18	0.075980392156863	19	0.557106598984772	19	0.005896226415094	18	0.198317307692308	17	0.511002444987775	19	0.060714285714286	19	0.272076372315036	19	0.053990610328639
18	0.150895140664962	20	0.013002364066194	17	0.432464454976303			20	0.027710843373494			14	0.077197149643705	19	0.268235294117647					19	0.056220095693780	19	0.001237623762376	19	0.231617647058824	20	0.032994923857868			19	0.066105769230769	18	0.011002444987775	20	0.007142857142857	20	0.205250596658711	20	0.018779342723005
19	0.019181585677749			18	0.017772511848341			21	0.081927710843373			15	0.156769596199525	20	0.016470588235294					20	0.046650717703349	20	0.014851485148515			21	0.045685279187817					19	0.322738386308068			21	0.027446300715990	21	0.130281690140845
				19	0.271327014218009			22	0.022891566265060			16	0.003562945368171	21	0.001176470588235					21	0.004784688995215					22	0.092639593908629									22	0.019093078758950		
				20	0.201421800947867							17	0.292161520190024													23	0.011421319796954												
				21	0.003554502369668																																		
				22	0.002369668246445																																		
//locus weight
1	1	1	1	1	1	1	1	1	1	1	1	1	1	1	1	1	1	1	1
//genotype
Ind	Pop	Loc1	Loc2	Loc3	Loc4	Loc5	Loc6	Loc7	Loc8	Loc9	Loc10	Loc11	Loc12	Loc13	Loc14	Loc15	Loc16	Loc17	Loc18	Loc19	Loc20
1	Pop1	1716	1820	1716	1719	1922	1718	1211	1919	1718	1717	1720	1717	1716	1721	1817	1716	1717	1716	1820	1719
2	Pop1	1814	1820	1716	1719	1918	1718	1211	1919	1717	1717	1720	1717	1716	1721	1718	1716	1717	1716	1820	1719
3	Pop1	1715	1718	1718	1718	1919	1717	1413	1919	1717	1717	1720	1717	1616	1719	1717	1816	1717	1719	1818	1718
4	Pop1	1716	1818	1919	1717	1919	1717	1414	1916	1716	1717	1721	1714	1717	1719	1717	1616	1716	1616	1820	1719
5	Pop1	1716	1520	1714	1719	1919	1717	1111	1716	1716	1717	1718	1814	1717	1717	1616	1816	1515	1816	1919	1917
6	Pop1	1718	1818	1919	0000	1922	1717	1412	1917	1717	1717	2020	1714	0000	1717	1617	1616	1717	1616	2020	1817
7	Pop1	1718	1715	1720	1719	1921	1717	1212	1719	1616	1717	1717	1714	1818	1717	1816	1616	1719	1716	2220	1721
8	Pop1	1718	1820	1718	1719	1922	1718	1211	1919	1717	1717	1714	1717	1716	1721	1817	1716	1717	1716	1820	1719
9	Pop1	1718	1820	1814	1717	1919	1818	0000	1919	1616	1717	1720	1714	1917	1717	1718	1916	0000	1716	2020	1721
10	Pop1	1717	1718	1914	1816	1919	1818	1111	1919	1717	1717	1720	1717	1717	1721	1717	1916	1515	1718	1819	1719
11	Pop1	1718	1718	1719	1916	1919	1718	1413	1820	1716	1717	1717	1714	1717	1717	1817	1619	1717	1719	1822	1819
12	Pop1	1818	1819	1714	1916	1819	1720	1211	1719	1716	1717	1717	1714	1716	1721	1616	1616	1717	1717	1820	1721
13	Pop1	1718	1718	1818	1718	1919	1718	1411	1919	1616	1717	1720	1717	1817	1717	1816	1616	1615	1717	2219	1721
14	Pop1	1615	1820	1718	1719	1922	1718	1211	1919	1717	1717	1720	1717	1716	1721	1718	1716	1717	1716	1820	1719
15	Pop1	1718	1718	1919	1716	1919	1717	1312	1919	1716	1717	1720	1717	1717	1717	1816	1716	1619	1716	1920	1719
16	Pop1	1615	1819	1914	1816	1919	1717	1111	1919	1716	1717	1720	1717	1717	1717	1717	1619	1717	1719	1819	1719
17	Pop1	1719	1718	1718	1718	1919	1720	1311	1719	1616	1717	1720	1714	1818	1719	1716	1716	1816	1818	1920	1821
18	Pop1	1717	1717	1714	1716	1919	1718	1511	1719	1717	1717	1717	1714	1717	1717	1717	1615	1619	1816	2022	1721
19	Pop1	1717	1819	1720	1717	1919	1718	1111	1717	1616	1717	2020	1717	0000	1717	1716	1717	1815	0000	1922	1818
20	Pop1	1718	1819	1712	1718	1919	1720	1311	1717	1616	1717	2020	1714	0000	1717	1717	1718	1715	1717	2022	1818
21	Pop1	1719	1919	1912	1718	1919	1717	0000	1619	1716	1717	2020	1817	0000	1718	1817	1717	1517	0000	2020	1919
22	Pop1	1715	1718	1819	1717	1919	1720	1411	1919	1616	1717	2017	1717	1817	1717	1816	1716	1717	1717	1922	1721
23	Pop1	1714	1719	1717	1716	1922	1717	1411	1919	1716	1717	1720	1814	1817	1721	1717	1716	1815	1717	1820	1919
24	Pop1	1715	1818	1719	1717	1919	1717	1413	1916	1716	1717	2021	1714	1717	1721	1718	1616	1918	1616	1820	1721
25	Pop1	1717	1919	1919	1718	1919	1717	1411	1919	1616	1717	2021	1717	1717	1721	1616	1816	1716	1616	1818	1919
26	Pop1	1715	1819	1919	1719	1919	1717	1411	1919	1616	1717	1717	1718	1717	1717	1717	1616	1719	1616	1922	1720
27	Pop1	1718	1820	1718	1719	1922	1717	1211	1919	1717	1717	1720	1717	1716	1721	1718	1716	1919	1716	1820	1719
28	Pop1	1615	1818	1717	1718	1919	1717	1414	1719	1716	1717	1720	1717	1716	1717	1717	1916	1515	1716	2222	1921
29	Pop1	1717	1718	1719	1819	1919	1717	1111	1919	1716	1717	1920	1717	1717	1717	1717	1616	1517	1718	1818	1820
30	Pop1	1718	1718	1719	1716	1922	1717	1414	1919	1616	1717	1720	1717	1717	1821	1716	1615	1919	1716	2022	1717
31	Pop1	1717	1919	1719	1719	1922	1717	1112	1919	1716	1717	2021	1718	1717	1721	1717	1718	1718	1716	2019	1819
32	Pop1	1514	1818	1719	1719	1919	1717	1311	1919	1717	1717	1717	1714	1717	1721	1716	1717	1716	1716	1820	1719
33	Pop1	1715	1818	1717	1718	1919	1717	1411	1719	1716	1717	1717	1714	1716	1717	1717	1916	1718	0000	2022	1921
34	Pop1	1714	1819	1719	1716	1919	1717	1111	1719	1716	1717	1720	1717	1918	1719	1718	1718	1917	1718	2020	1821
35	Pop1	1717	1819	1719	1717	1922	1820	1211	1919	1716	1717	1720	1718	1817	1717	1718	1718	1717	1716	1920	1919
36	Pop1	1514	1818	1719	1619	1919	1720	1311	1919	1717	1717	1720	1714	1717	1921	1716	1717	1615	1716	1820	1719
37	Pop1	1815	1818	1717	1717	1921	1717	1413	1717	1716	1717	2020	1714	1716	1717	1717	1619	1919	1716	2022	1921
38	Pop1	1717	1818	1713	1716	1919	1720	1414	1719	1717	1717	1720	1714	1717	1721	1717	1717	1719	1916	2020	2121
39	Pop1	1715	1818	1714	1716	1919	1717	1311	1719	1717	1717	1720	1717	1817	1721	1816	1716	1716	1716	1820	1721
40	Pop1	1717	1717	1719	1717	1919	1820	1414	1919	1616	1717	1717	1720	1717	1719	1717	1616	1719	1616	1822	1820
41	Pop1	1718	1719	1719	1717	1920	1818	1312	1919	1616	1717	1717	1717	1717	1718	1616	1816	1719	1719	1822	1717
42	Pop1	1715	1915	1719	1716	1919	1820	1211	1819	1717	1717	1720	1717	1717	1721	1716	1616	1719	1717	1822	1919
43	Pop1	1715	1715	1717	1716	1919	1820	1414	1718	1717	1717	1720	1717	1816	1718	1716	1916	1919	1719	1920	1921
44	Pop1	1717	1718	1717	1816	1919	1720	1412	1920	1616	1717	1720	1714	1717	1717	1716	1616	1719	1716	1820	1921
45	Pop1	1717	1819	1713	1817	1919	2020	1411	1718	1717	1717	1720	1717	1715	1718	1816	1819	1719	1718	1920	1721
46	Pop1	1715	1818	1714	1719	1919	1720	1311	1719	1717	1717	1720	1717	1817	1721	1816	1916	1616	1616	1820	1721
47	Pop1	1816	1718	1819	1717	1919	2020	1313	1919	1716	1717	1718	1717	1717	1721	1816	1718	1915	1716	2020	1919
49	Pop2	1717	1717	1720	1719	1920	1718	1714	1718	1718	1718	1819	1717	1717	1720	1818	1716	1719	1717	1819	2121
50	Pop2	1717	1719	2020	1819	1919	1720	1214	1717	1717	1618	1714	1714	1717	1717	1717	1716	1715	1717	1920	1717
51	Pop2	1716	1718	1719	1818	1919	1720	1715	1717	1717	1718	1719	1718	1717	1717	1718	1719	1719	1717	1719	1717
52	Pop2	1719	1717	1717	1819	2121	1717	1711	1719	1717	1717	1718	1814	1717	1719	1717	1716	1715	1718	1718	1717
53	Pop2	1716	1717	2020	1719	1921	1718	1411	1718	1717	1818	1718	1716	1717	1719	1717	1718	1915	1716	1720	1717
54	Pop2	1716	1717	1920	1819	1921	1717	1715	1718	1817	1618	1718	1718	1717	1719	1718	1718	1715	1717	1819	1721
55	Pop2	1718	1818	1720	1819	1919	1720	1715	1717	1717	1718	1717	1716	1717	1922	1717	1717	1716	1717	1819	1721
56	Pop2	1717	1819	2020	1919	1919	1720	1212	1717	1717	1718	1718	1716	1717	1719	1717	1718	1717	1717	1820	1717
57	Pop2	1717	1717	1720	1819	1717	1720	1212	1717	1617	1718	1717	1414	1717	1719	1717	1716	1717	1717	1820	1717
58	Pop2	1716	1718	2020	1818	1919	1720	1212	1717	1817	1716	1714	1414	1717	1717	1717	1818	1717	1717	1820	1717
59	Pop2	1816	1717	2020	1818	1719	1720	1512	1718	1818	1618	1717	1714	1717	1922	1718	1716	1715	1717	1819	1721
60	Pop2	1716	1717	1920	1819	1919	1718	1714	1718	1717	1818	1717	1718	1716	1719	1718	1718	1719	1718	1920	1717
61	Pop2	1916	1719	1720	1818	1919	1717	1713	1717	1718	1716	1714	1714	1717	1722	1718	1717	1716	1718	1818	1717
62	Pop2	1916	1820	1720	1719	1920	1720	1712	1719	1717	1718	1819	1717	0000	2020	1716	1616	1714	1718	1920	1717
63	Pop2	1716	1718	1720	1719	1920	1720	1512	1719	1716	1718	1719	1714	1717	1719	1717	1716	1915	1717	1920	1719
64	Pop2	1717	1718	2021	1719	1920	1720	1712	1719	1716	1718	1719	1717	0000	1719	1717	1716	0000	1718	1920	1721
65	Pop2	1718	1820	1717	1719	1921	1720	1714	1717	1717	1818	1814	1717	1717	1920	1717	1716	1715	1717	1920	1717
66	Pop2	1818	1717	1920	1719	0000	1720	1711	1718	1716	1618	1818	1717	1616	1920	1718	1717	1714	1816	1721	1719
67	Pop2	1818	1717	1920	1919	1819	1820	1412	1718	1717	1618	1818	1714	1717	1719	1718	1717	1715	1716	1719	1717
68	Pop2	0000	1718	1717	1919	1919	1720	1514	1719	1717	1818	1414	1414	0000	1717	1717	1718	1716	1717	1920	1719
69	Pop2	1718	1718	1920	1818	1919	1717	1712	1718	1718	1618	1714	1714	1717	1919	1718	1816	1915	1717	1720	1721
70	Pop2	1716	1718	1717	1819	1919	0000	1514	1719	1616	1818	1719	1714	1717	1717	1717	1717	1919	1717	1920	1719
71	Pop2	1718	1717	1720	1919	1919	0000	1313	1721	1818	1718	1717	1717	0000	1721	1717	1718	0000	1717	1718	1721
72	Pop2	1716	1717	1719	1818	1921	0000	1715	1719	1617	1718	1718	1818	1717	1717	1717	1716	1915	1717	1819	1717
73	Pop2	1716	1717	2020	1819	1921	1718	1412	1718	1717	1718	1718	1717	1717	1720	1717	1718	1917	1716	1720	1717
74	Pop2	1716	1718	1717	1819	1919	0000	1514	1719	1716	1818	1717	1714	1717	1717	1717	1718	1919	1717	1920	1719
75	Pop2	1919	1717	1720	1718	1920	0000	1712	1718	1816	1818	1718	1717	1717	1719	1818	1718	1715	1719	1717	1721
76	Pop2	1719	1717	1719	1818	1919	0000	1413	1819	1717	1716	1717	1716	1717	1719	1718	1718	1715	1717	1820	1719
77	Pop2	1718	1717	1720	1718	1919	0000	1712	1818	1718	1818	1717	1717	1717	1719	1718	1718	1915	1717	1720	1721
78	Pop2	1619	1717	1919	1719	1919	1820	1711	1718	1716	1816	1718	1717	1719	1719	1717	1718	1715	1716	1718	1717
79	Pop2	1716	1717	1720	1819	2021	0000	1711	1717	1718	1718	1819	1714	1716	1717	1717	1716	1515	1718	1718	1717
80	Pop2	0000	1717	2020	1818	1919	0000	1712	1718	1717	1718	1719	1714	1717	2020	1718	1717	0000	1717	1920	1721
81	Pop2	1616	1819	1620	1719	1921	0000	1413	1717	1716	1618	1717	1714	1718	1922	1718	1716	1515	1718	1819	1721
82	Pop2	1717	1717	1717	1819	2121	0000	1717	1719	1717	1717	1714	1814	1717	1720	1717	0000	0000	1718	1818	1717
83	Pop2	1717	1718	1720	1817	1921	0000	1413	1718	1818	1717	1718	1718	1717	1719	1717	1718	0000	1717	2020	1719
84	Pop2	1719	1717	1719	1819	1919	2020	1414	1819	1716	1618	1719	1716	1717	1719	1717	1718	1915	1719	1820	1719
85	Pop2	1719	1717	1720	1819	1719	0000	1712	1718	1718	1816	1718	1714	1717	1719	1718	1718	1915	1717	1720	1721
86	Pop2	1717	1718	1720	1718	2017	1720	1413	1718	1718	1717	1718	1718	1717	1717	1718	1716	1915	1717	1920	1719
88	Pop3	1718	1718	1920	1818	1719	1917	1714	1819	1716	1618	1718	1717	0000	1922	1818	1717	1715	1718	1819	1721
89	Pop3	1616	1718	1720	1819	1919	1720	1212	1718	1716	1718	1914	1716	1717	1919	1717	1718	1717	1816	2020	1721
90	Pop3	1616	1717	1717	1819	1719	1720	1711	1717	1717	1818	1718	1716	1818	1920	1718	1619	1717	1818	1820	1717
91	Pop3	1718	1717	1717	1819	1919	1717	1312	1718	1817	1718	1719	1716	1717	1919	1717	1716	1717	1718	2020	1717
92	Pop3	1719	1718	1619	1618	1921	1720	1715	1919	1817	1718	1718	1414	1818	1920	1719	1716	1915	1717	1819	1721
93	Pop3	1818	1718	1720	1816	1919	1820	1515	1717	1718	1717	1818	1717	1717	0000	1717	1718	1715	1718	1819	1717
94	Pop3	1718	1819	1719	1816	1720	1818	1413	1819	1718	1716	1814	1714	1718	1721	1718	1616	1715	1717	1819	1717
95	Pop3	1718	1718	1717	1818	1921	1720	1211	1718	1718	1717	1814	1616	1717	1919	1717	1816	1715	1718	2020	1717
96	Pop3	1717	1818	1919	1818	1719	1720	1712	1719	1716	1717	1717	1714	1618	1921	1718	1716	1719	1717	1920	1721
97	Pop3	1616	1718	1719	1818	1719	1820	1713	1719	1717	1618	1719	1714	1819	1919	1718	1716	1717	1718	1921	1717
98	Pop3	1716	1718	1720	1819	1920	1719	1413	1716	1717	1618	1718	1716	1717	1919	1718	1716	1717	1717	1819	1717
99	Pop3	1716	1719	1920	1818	1719	1920	1714	1718	1717	1718	1718	1716	1716	1921	1717	1716	1719	1718	1717	1721
100	Pop3	1716	1718	1720	1818	1921	1720	1214	1718	1717	1718	1818	1714	1718	1919	1717	1816	1515	1718	2020	1717
101	Pop3	1717	1718	1720	1818	1919	1718	1212	1719	1717	1618	1718	1716	1719	1920	1718	1716	1915	1718	2021	1717
102	Pop3	1718	1718	1720	1818	1920	1720	1414	1718	1718	1718	1718	1714	1718	1720	1718	1719	1717	1717	1718	1721
103	Pop3	1718	1717	1719	1818	1719	1717	0000	1718	1818	1718	1718	1614	1717	1719	1718	1716	1715	1716	1820	1717
104	Pop3	1716	1718	1719	1718	1719	1717	1717	1719	1717	1816	1718	1714	1819	1920	1718	1716	1915	1718	1921	1717
105	Pop3	1717	1718	1720	1819	1921	1718	1717	1718	1717	1616	1718	1716	1717	1919	1717	1816	1719	1718	1920	1717
106	Pop3	1716	1718	1720	1816	1920	1717	1712	1718	1718	1718	1717	1717	1717	1720	1717	1718	1915	1718	1720	1717
107	Pop3	1716	1718	1717	1818	1920	1717	1212	1718	1718	1718	1818	1717	1916	1720	1718	1718	1715	1719	1720	1720
108	Pop3	1717	1717	1717	1818	1921	1720	1714	1717	1617	1617	1717	1614	1717	1719	1717	1718	1515	1718	1819	1719
109	Pop3	1716	1718	1719	1819	1919	1718	1712	1717	1718	1818	1919	1714	1718	1921	1717	1716	1717	1718	1720	1721
110	Pop3	1718	1718	1717	1819	1921	1717	1514	1718	1818	1718	1719	1717	1717	1921	1718	1718	1715	1717	1820	1718
111	Pop3	1717	1717	1717	1818	1721	1720	1714	1718	1718	1718	1719	1614	1717	1917	1718	1716	1715	1716	1820	1717
112	Pop3	1717	1818	1719	1718	1719	1720	1712	1719	1617	1717	1719	1714	1816	1919	1819	1616	1719	1718	1920	1720
113	Pop3	1717	1718	1920	1818	1921	1718	1414	1718	1717	1718	1717	1716	1717	1919	1818	1716	1715	1816	1720	1721
115	Pop4	1716	1819	1719	1719	1919	1717	1311	1719	1816	1718	1718	1714	1717	1720	1718	1718	1719	1718	2020	1717
116	Pop4	1717	0000	1717	1818	1819	1717	1211	1717	1716	1818	1714	1714	1717	1719	0000	1718	1717	1718	1818	1720
117	Pop4	1717	1718	1720	1819	1721	1717	1717	1719	1716	1818	1714	1714	1619	1919	1817	1816	1715	1717	1717	1721
118	Pop4	1717	1718	1919	1818	1719	1717	1111	1718	1817	1718	1714	1714	1719	1919	1718	1716	1715	1716	1719	1721
119	Pop4	1717	1718	1720	1819	1921	1717	1512	1717	1818	1717	1718	1814	1716	1922	1717	1717	1915	1818	1820	1717
120	Pop4	1718	1819	1717	1819	1921	1720	1711	1717	1816	1717	1719	1717	1716	1919	1717	1718	1715	1718	1920	1717
121	Pop4	1717	1718	2020	1718	1919	2020	1711	1719	1818	1716	1914	1714	1718	1719	1718	1718	1715	1717	1920	1717
122	Pop4	1817	1819	1720	1819	1720	1820	1711	1717	1817	1718	1717	1716	1717	1919	1718	1718	1717	1717	1919	1721
123	Pop4	1717	1718	1720	1818	1721	1717	1511	1717	1716	1717	1718	1814	1716	1722	1717	1717	1719	1718	1820	1717
124	Pop4	1816	1719	1717	1718	1719	1717	1711	1717	1817	1717	1717	1816	1717	1719	1718	1618	1717	1717	1820	1717
125	Pop4	1717	1719	1717	1817	1921	1717	1111	1717	1817	1716	1717	1814	1717	1719	1718	1718	1715	1718	1820	1717
126	Pop4	0000	1717	1720	1819	1719	1717	1711	1717	1816	1818	1719	1814	1717	1719	1717	1819	1717	1717	1719	1717
127	Pop4	1717	1717	1720	1919	1718	1718	1712	1717	1817	1818	1818	1717	1716	1719	1717	1718	1717	1716	1819	1717
128	Pop4	1717	1719	2020	1818	1721	1717	1111	1717	1818	1717	1718	1814	1716	1722	1718	1717	1719	1817	1820	1717
129	Pop4	1717	1718	1920	1819	1919	1717	1311	1717	1616	1816	1719	2014	1717	1920	1818	1717	1719	1717	1920	1717
130	Pop4	1717	1818	1719	1818	1921	1720	1715	1717	1717	1716	1714	1716	1717	1920	1718	1718	1915	1716	1718	1717
131	Pop4	1717	1819	1717	1919	1717	1717	1711	1718	1817	1716	1718	1817	1717	1717	1719	1716	1717	1718	1918	1717
132	Pop4	1717	1718	1919	1819	1919	1717	1311	1719	1816	1616	1719	2014	1717	1920	1718	1717	1719	1717	1919	1717
133	Pop4	1717	1718	1717	1819	1817	1717	1711	1717	1817	1716	1718	1717	1717	1721	1717	1716	1717	1717	1719	1717
134	Pop4	1717	0000	1720	1718	1719	1720	1711	1719	1818	1716	1814	1714	1816	1919	1717	1718	1715	1717	1919	1717
135	Pop4	1717	1817	1717	1819	1719	1717	1711	1717	1817	1718	1718	1714	1717	1721	1717	1618	1717	1718	1719	1717
136	Pop4	1717	1718	1717	1819	1719	1717	1711	1718	1817	1718	1717	1817	1717	1719	1717	1618	1719	1718	1719	1717
137	Pop4	0000	1718	1717	1819	1919	1717	1711	1718	1817	1718	1717	1817	1717	1719	1818	1619	1717	1718	1819	1717
138	Pop4	1717	1818	1717	1819	1819	1717	1711	1717	1817	1718	1718	1717	1717	1721	1717	1716	1717	1718	1819	1717
139	Pop4	0000	0000	1719	0000	1919	1720	1511	1718	1817	1717	1717	1717	1717	0000	1717	1818	1717	1717	1720	1717
140	Pop4	1718	1717	1719	1819	1917	1717	1711	1717	1816	1718	1719	1817	1717	1719	1717	1819	1717	1718	1720	1717
141	Pop4	1716	1717	1720	1719	1919	1717	1713	1719	1816	1718	1818	1717	1717	1720	1717	1718	1715	1717	1719	1717
142	Pop4	1718	1818	1716	1718	1721	1720	1711	1719	1817	1718	1714	1714	1718	1919	1717	1717	1715	1717	1819	1721
143	Pop4	1717	1718	1717	1819	1919	1717	1711	1718	1817	1718	1717	1718	1717	1717	1717	1619	1717	1817	1819	1720
144	Pop4	1718	1718	1920	1919	1721	1720	1717	1719	1816	1818	1718	1714	1719	1919	1717	1718	1715	1716	1819	1721
145	Pop4	1717	1818	1920	1819	1917	1717	1715	1719	1716	1718	1717	1716	1719	1920	1718	1716	1719	1716	1719	1717
146	Pop4	1717	1817	1717	1819	1718	1717	1711	1717	1718	1718	1718	1419	1717	1719	1718	1719	1717	1717	1719	1717
147	Pop4	1718	1717	1719	1819	1921	1717	1515	1717	1617	1717	1719	1717	1716	1719	1717	1718	1915	1717	1920	1717
148	Pop4	1717	1718	1720	1718	1720	1720	1712	1719	1818	1617	1719	1714	1718	1719	1718	1718	1715	1717	1920	1717
149	Pop4	1718	1717	1717	1819	1720	1717	1712	1717	1816	1818	1719	1714	1717	1719	1717	1819	1717	1717	1720	1717
150	Pop4	1717	1820	1717	1819	1719	1717	1717	1717	1718	1718	1718	1717	1717	1721	1717	1716	1717	1717	1919	1717
151	Pop4	1717	1718	1717	1819	1919	1717	1712	1718	1718	1718	1717	1718	1717	1717	1717	1916	1717	1818	1819	1717
153	Pop5	1717	1919	1717	1718	1921	1720	1313	1718	1717	1717	1717	1720	1717	1922	1818	1818	1915	1717	1818	1717
154	Pop5	1717	1719	2020	1919	1919	1719	1111	1719	1718	1716	1714	1814	1718	1719	1716	1818	1919	1718	1820	1717
155	Pop5	1717	1819	1717	1718	1919	1717	1717	1718	1717	1816	1717	1716	1719	2222	1717	1717	1719	1718	1717	1717
156	Pop5	1717	1719	1716	1818	1919	1920	1713	1717	1717	1716	1714	1714	1719	1922	1717	1717	1919	1717	1718	1721
157	Pop5	1717	1718	1717	1819	1919	1718	1717	1718	1717	1816	1414	1614	1719	2222	1717	1717	1919	1718	1717	1718
158	Pop5	1716	1719	1716	1718	1921	2020	1711	1818	1617	1717	1718	1816	1717	1719	1717	1818	1915	1717	1718	1717
159	Pop5	1717	1717	1720	1818	0000	1720	1713	1818	0000	1718	1717	1816	1717	1919	1718	1717	0000	1717	0000	1718
160	Pop5	1717	1718	2020	1919	1919	2020	1311	1819	1717	1616	1714	1814	1718	1916	1717	1718	1719	1717	2020	1718
161	Pop5	1717	1717	1720	1819	1919	1720	1713	1818	1718	1717	1714	1716	1717	2222	1717	1717	1919	1718	1720	1721
162	Pop5	1715	1719	1720	1819	1919	1919	1711	1718	1717	1717	1714	1717	1719	1919	1718	1718	1919	1718	1721	1717
163	Pop5	1718	1719	1719	1718	1919	1719	1713	1718	1717	1717	1714	1716	1719	1719	1717	1718	1719	1716	1717	1718
164	Pop5	1717	1819	1717	1718	1919	1719	1717	1718	1718	1816	1714	1614	1719	2222	1717	1717	1719	1717	1720	1718
165	Pop5	1718	1719	1720	1919	1919	1920	1711	1717	1816	1717	1717	1714	1717	1922	1717	1718	1919	1717	1721	1717
166	Pop5	1716	1717	2020	1919	1919	2020	1311	1818	1717	1616	1714	1814	1718	1722	1717	1718	1719	1717	2020	1718
167	Pop5	1717	1719	1720	1719	1919	1919	1212	1717	1717	1717	1717	1714	1717	1922	1718	1718	1919	1717	2020	1717
168	Pop5	1717	1717	1620	1819	1919	1719	1717	1818	1718	1817	1717	1717	1719	1919	1717	1717	1919	1717	1717	1721
169	Pop5	1717	1719	1716	1719	1919	1719	1712	1818	1818	1716	1719	1616	1717	1919	1718	1717	1919	1718	1718	1721
170	Pop5	1717	1718	1720	1919	1919	1820	1717	1718	1818	1816	1714	1718	1717	1919	1718	1818	1919	1818	1717	1718
171	Pop5	1717	1718	2020	1919	1919	2020	1211	1819	1718	1616	1714	1718	1718	1919	1717	1718	1719	1717	1821	1718
172	Pop5	1717	1717	2020	1819	1919	2020	1313	1819	1718	1718	1814	1814	1717	1922	1717	1718	1719	1818	1718	1820
173	Pop5	1716	1819	1920	1919	1919	1820	1717	1819	1717	1717	1717	1714	1718	1719	1718	1818	1719	1718	1818	1821
174	Pop5	1718	1718	1720	1819	1918	1720	1313	1718	1818	1818	1814	1816	1717	1919	1717	1718	1919	1717	2020	1717
175	Pop5	1716	1719	1717	1717	1921	2020	1311	1718	1718	1717	1717	1716	1717	1719	1718	1818	1715	1717	1818	1717
176	Pop5	1717	1718	1716	1818	1919	1720	1717	1718	1717	1816	1714	2014	1717	1919	1718	1718	1919	1718	1718	1718
177	Pop5	1717	1719	1620	1919	1919	1920	1311	1819	1718	1718	1818	1614	1717	1719	1716	1718	1719	1718	1718	1718
178	Pop5	1718	1919	1720	1718	1919	1920	1211	1718	1718	1716	1719	1614	1719	1919	1718	1718	1719	1818	1821	1717
179	Pop5	1717	1718	1720	1818	1919	1720	1713	1718	1818	1718	1414	1816	1717	1919	1717	1718	1919	1718	1720	1718
180	Pop5	1717	1919	1717	1718	1919	1920	1713	1718	1717	1716	1717	1714	1719	1722	1718	1718	1719	1718	1718	1717
181	Pop5	1718	1717	1920	1919	1919	2020	1713	1719	1717	1818	1717	1414	1718	1719	1717	1718	1719	1718	1720	1718
182	Pop5	1718	1717	1717	1919	1919	1819	1111	1818	1717	1816	1714	1717	1718	1919	1718	1818	1919	1818	2020	1718
183	Pop5	1717	1819	2020	1717	1919	1920	1711	1717	1718	1718	1714	1714	1719	1919	1716	1818	1919	1718	1821	1717
184	Pop5	1718	1718	1717	1819	1919	1818	1711	1818	1717	1816	1717	1716	1717	1919	1717	1718	1919	1718	1718	1718
185	Pop5	1718	1719	1720	1719	1919	1719	1717	1717	1717	1718	1714	1714	1719	1919	1716	1718	1719	1717	1720	1718
186	Pop5	1718	1717	1719	1719	1919	1920	1311	1717	1717	1718	1717	1714	1717	1719	1718	1718	1719	1718	2020	1718
187	Pop5	1717	1819	1920	1717	1919	1820	1717	1819	1718	1717	1717	1717	1718	1719	1718	1818	1719	1718	1820	1718
188	Pop5	1717	1717	1717	1818	1819	1720	1312	1717	1718	1816	1718	1818	1719	1919	1717	1717	1717	1717	1720	1719
189	Pop5	1717	1719	1720	1818	1921	2020	1311	1717	1717	1717	1718	1717	1919	1717	1718	0000	1715	1718	1820	1717
190	Pop5	1717	1719	1720	1818	1921	1720	1713	1717	0000	1717	1717	1717	1717	1919	1718	1718	1919	1718	1818	1718
191	Pop5	1717	1717	1717	1719	1921	2020	1711	1717	1518	1717	1717	1717	1717	1719	1718	0000	1915	1718	1717	1718
192	Pop5	1717	1919	1717	1717	1919	1920	1712	1717	1717	1816	1717	1714	1719	1922	1818	1818	1719	1718	1818	1717
193	Pop5	1717	1719	1716	1719	1919	1719	1712	1818	1717	1716	1719	1716	1717	1919	1718	0000	1919	1818	0000	1718
194	Pop5	1717	1718	1720	1819	1919	1820	1713	1718	1818	1816	1717	1614	1718	1719	1717	1717	1719	1718	2020	1717
195	Pop5	1717	1717	2020	1719	1919	1920	1311	1718	1717	1816	1414	1717	1717	1919	1718	0000	1717	1718	2021	1718
196	Pop5	1717	1819	2020	1719	1919	1920	1711	1717	1718	1718	1714	1714	1719	1922	1716	0000	1919	1718	1818	1717
197	Pop5	1716	1719	1720	1819	1919	1720	1713	1717	1718	1718	1714	1714	1717	1919	1718	1718	1719	1718	1820	1717
198	Pop5	1718	1717	1619	1719	1921	1919	1711	1718	1718	1718	1717	1717	1717	1919	1718	1718	1719	1718	1721	1718
199	Pop5	1717	1717	1920	1719	1919	2020	1713	1719	1717	1718	1717	1714	1717	1719	1716	1718	1719	1718	1720	1718
200	Pop5	1717	1719	1720	1819	1919	1920	1311	1717	1717	1717	1714	1714	1819	1719	1718	1818	1719	1818	1821	1717
201	Pop5	1718	1719	1620	1819	1919	1719	1111	1819	1718	1718	1818	1614	0000	1717	1716	1718	1719	1718	1818	1718
202	Pop5	1717	1717	1716	1819	1919	1920	1711	1718	1718	1717	1717	1716	1719	1719	1718	1717	1719	1717	1718	1717
203	Pop5	1717	1717	1619	1719	1919	1919	1711	1718	1718	1718	1717	1717	1717	1921	1718	1718	1719	1718	1721	1718
204	Pop5	1717	1718	1620	1818	1919	2020	1717	1718	1818	1718	1814	1718	1717	1919	1717	1818	1719	1818	1718	1717
205	Pop5	1716	1719	2017	1819	1919	1819	1713	1718	1718	1718	1718	1714	1717	1919	1717	1718	1719	1718	1820	1717
206	Pop5	1718	1717	1717	1819	1919	1718	1711	1818	1717	1616	1714	1714	1717	1921	1718	1818	1919	1818	1821	1718
208	Pop6	1717	1717	1719	1919	1919	1820	1713	1718	1717	1716	1717	1717	1917	1919	1717	1718	1719	1818	1718	1719
209	Pop6	1717	1717	1720	1719	1919	2020	1713	1718	1717	1718	1719	1620	1917	1919	1717	1718	1719	1718	1720	1818
210	Pop6	1717	1717	1719	1919	1921	1720	1311	1717	1616	1718	1718	1616	1918	1719	1718	1717	1915	1718	1717	1717
211	Pop6	1717	1717	1720	1919	1919	1718	1711	1719	1716	1818	1718	1814	1717	1719	1717	1718	1719	1718	1920	1717
212	Pop6	1718	1819	1719	1919	1819	2020	1311	1718	1717	1716	1718	1714	1917	1922	1717	1718	1717	1717	1721	1717
213	Pop6	1718	1718	1717	1919	1819	1720	1717	1719	1716	1718	1814	1614	1917	1919	1717	1818	1719	1717	1717	1817
214	Pop6	1718	1718	1720	1817	1922	2020	1710	1718	1816	1717	1717	1818	1919	1922	1717	1818	1717	1718	1720	1717
215	Pop6	1716	1717	1720	1819	1921	1719	1711	1718	1616	1816	1814	1718	1817	1719	1718	1817	1915	1818	1920	1717
216	Pop6	1718	1719	1716	1719	1919	1720	1312	1719	1716	1718	1719	1717	1817	1719	1718	1716	1919	1818	1719	1717
217	Pop6	1717	1717	2020	1919	1919	2020	1713	1718	1716	1717	1714	1414	1917	1922	1818	1818	1719	1718	1720	1717
218	Pop6	1718	1717	1720	1819	1920	1720	1711	1717	1716	1717	1718	1717	1919	1921	1818	1819	1715	1717	1918	1721
219	Pop6	1717	1718	1720	1919	1921	1720	1110	1717	1716	1718	1818	1716	1917	1919	1717	1718	1515	1719	1718	1717
220	Pop6	1718	1719	1620	1819	1919	1820	1311	1819	1616	1716	1919	1720	1817	1919	1717	1718	1717	1718	1718	1821
221	Pop6	1717	1919	1720	1719	1919	2020	1713	1718	1717	1718	1719	1620	1917	1919	1717	1718	1719	1718	1818	1818
222	Pop6	1717	1719	1620	1819	1919	2020	1713	1717	1616	1718	1714	1717	1817	1719	1717	1718	1919	1818	1718	1721
223	Pop6	1717	1718	1720	1819	1919	2020	1311	1719	1716	1816	1714	1717	1817	1717	1717	1818	1919	1818	1717	1721
224	Pop6	1717	1718	1620	1819	1919	2020	1711	1718	1717	1718	1717	1716	1817	1919	1717	1717	1717	1818	1719	1717
225	Pop6	1718	1818	1720	1819	1922	1720	1711	1717	1716	1717	1717	1717	1918	2222	1818	1718	1515	1719	1818	1820
226	Pop6	1717	1818	1620	1819	1919	2020	1713	1717	1616	1718	1714	1717	1817	1719	1717	1718	1916	1819	1718	1721
227	Pop6	1718	1919	1720	1719	1919	1720	1717	1718	1616	1716	1717	1814	1917	1923	1717	1718	1916	1717	1720	1717
228	Pop6	1718	1919	1721	1819	1919	1820	1311	1819	1616	1617	1919	1720	1817	1919	1717	1717	1717	1718	1820	1821
229	Pop6	1718	1718	0000	1818	1922	1720	1711	1717	1616	1717	1717	1717	1918	0000	1818	1817	1915	1717	1718	1820
230	Pop6	1718	1719	1713	1718	1919	0000	1513	1719	1616	1717	0000	1717	0000	0000	1716	1717	0000	1717	1821	1720
231	Pop6	1717	1718	1720	1718	1921	1720	1715	1717	1717	1818	1718	1616	1717	1719	1717	1718	1715	1717	1819	1717
232	Pop6	1715	1720	2020	1717	1922	1818	1313	1818	1616	1616	0000	1614	1819	0000	1716	1618	1719	0000	1920	1717
233	Pop6	1715	1718	1713	1718	1919	1720	1211	1818	1718	1717	1719	1717	1917	1718	1717	1717	1717	1717	1818	2121
234	Pop6	1515	1919	1719	1818	1919	1720	1111	1717	1717	1718	1718	1618	1918	1719	1718	1717	1915	1718	1720	1717
235	Pop6	1715	1718	1620	1816	1919	2020	1312	1718	1718	1716	1717	1720	1717	1923	1718	1818	1719	1717	1718	1717
236	Pop6	1715	1719	1718	1818	1919	1720	1312	1717	1718	1717	1717	1717	1919	1922	1718	1717	1916	1717	1818	1718
238	Pop7	0000	1717	1717	1718	1719	1720	1717	0000	1718	1718	1718	1717	1619	1919	1617	1916	1717	1817	1919	1717
239	Pop7	0000	1718	1719	1718	1819	1720	1713	0000	1816	1718	0000	1717	1619	0000	1718	1719	1719	1719	1718	1717
240	Pop7	0000	1718	1719	1819	1919	1820	1517	1420	1717	1718	0000	1717	1919	0000	1717	1816	1919	1718	1919	1721
241	Pop7	0000	1717	1719	1819	0000	1717	1513	1718	1816	1818	1718	1717	1919	0000	1818	1716	1919	1719	0000	1821
242	Pop7	1818	1818	1920	1718	1717	1717	1317	1720	1717	0000	1717	0000	1919	1919	1717	1617	1717	1818	1919	1717
243	Pop7	1818	1718	1920	1718	1719	1718	1317	1820	1717	0000	1718	0000	1719	1919	1717	1616	1717	1818	1819	1717
244	Pop7	1819	1717	1920	1617	1919	1718	1717	1718	1717	0000	1717	0000	1719	1919	1718	1616	1719	1820	1719	1717
245	Pop7	1818	1718	1720	1818	1719	1718	1217	1718	1818	0000	1417	0000	1719	1919	1818	1616	1717	1718	1718	1721
246	Pop7	1718	1818	1719	1818	1719	1718	1213	1819	1617	0000	1718	0000	1719	1919	1718	1717	1719	1717	1818	1717
247	Pop7	1718	1718	1720	1719	1718	1717	1113	1818	1717	0000	1717	0000	1717	1919	1718	1717	1717	1718	1819	1721
248	Pop7	1717	1718	1720	1719	1718	1717	1113	1818	1717	0000	1717	0000	1717	1919	1718	1717	1717	1718	1819	1721
249	Pop7	1719	1717	1719	1718	1719	1819	1117	1717	1717	0000	1717	0000	1719	1919	1718	1618	1719	1820	1920	1721
250	Pop7	1618	1717	1920	1717	1818	0000	1717	1718	1717	0000	1517	0000	1719	1919	1718	1616	1719	1820	1719	1717
251	Pop7	1818	1718	1619	1818	1919	0000	1513	1819	1717	0000	1417	1717	1719	1921	1818	1718	1717	1818	2020	1721
252	Pop7	1818	1818	1719	1718	1721	1719	1115	1919	1617	0000	1417	0000	1719	1921	1718	1719	1717	1818	1820	1717
253	Pop7	1818	1818	1719	1719	1919	1717	1315	1819	1717	0000	1717	0000	1719	1919	1718	1617	1717	1718	1819	1417
254	Pop7	0000	1818	1717	1818	1919	1717	1115	1818	1718	0000	1717	0000	1719	1919	1718	1617	1718	0000	1819	1717
255	Pop7	1818	1818	1619	1717	1719	1919	1115	1819	1718	0000	1417	0000	1717	1921	1818	1717	1717	1717	1820	1417
256	Pop7	1818	1718	1720	1818	1719	1819	1111	1718	1717	0000	1718	0000	1719	1919	1617	1619	1717	1818	1818	2121
257	Pop7	1718	1818	1720	1816	1719	1819	1317	1818	1618	0000	1414	0000	1717	1919	1717	1717	1717	1718	1919	1721
258	Pop7	1716	1717	1717	1818	1819	0000	1317	1818	1618	0000	1417	0000	1719	1919	1718	1717	1719	1718	1720	1718
259	Pop7	1818	1717	1720	1918	1921	0000	1317	1418	1618	0000	1718	0000	1719	1919	1718	1616	1717	1718	1720	1718
260	Pop7	1617	1718	1719	1818	2121	1718	1115	1418	1617	0000	1818	0000	1719	1919	1618	1618	1717	1720	1819	1718
261	Pop7	1718	1718	2020	1818	1919	1818	1115	1417	1618	0000	1717	0000	1919	1922	1718	1616	1717	1720	1717	1717
262	Pop7	1718	1819	1719	1717	1719	1719	1713	1719	1617	0000	1717	1717	1719	1719	1718	1716	1719	1718	1719	1717
263	Pop7	1719	1718	1920	1718	1919	1719	1511	1418	1816	0000	1414	0000	1717	2222	1717	1616	1919	1818	1819	1721
264	Pop7	1818	1717	1717	1919	1919	1719	1317	1718	1716	1718	1717	1717	1619	1919	1718	1716	1719	1819	2117	1718
265	Pop7	1818	1718	1719	1818	1919	1719	1113	1818	1818	1818	1717	1717	1717	1919	1818	1616	1719	1819	1719	1718
266	Pop7	1718	1718	1720	1819	1719	1719	1217	1718	1617	0000	1417	0000	1719	1919	1717	1717	1717	1718	1919	1417
267	Pop7	1717	1818	1919	1819	1719	1718	1311	1814	1718	1718	1718	1717	1719	2222	1718	1716	1719	1717	1920	1717
268	Pop7	1717	1818	1717	1818	1819	1818	1715	1718	1716	1717	1717	1717	1719	1919	1717	1716	1717	1719	1718	1721
269	Pop7	1717	1819	1719	1819	1719	1718	1513	1719	1717	1717	1714	1717	1719	1919	1617	1716	1717	1819	1920	1717
270	Pop7	1718	1718	1920	1819	1719	1720	1311	1814	1616	1718	1814	1717	1919	1922	1718	1716	1717	1717	1719	1718
271	Pop7	1717	1718	1720	1818	1919	1718	1311	1814	1816	1718	1714	1717	1719	1922	1717	1716	1717	1717	1919	1721
272	Pop7	1716	1818	1719	1819	1919	1719	1515	1919	1818	1717	1714	1717	1716	1922	1718	1716	1919	1717	1819	1717
273	Pop7	1716	1717	1717	1818	1920	1717	1513	1914	1718	1718	1717	1717	1719	1919	1718	1616	1719	1717	1717	1721
274	Pop7	1816	1717	1917	1718	1919	1718	1715	1718	1818	1816	1718	1717	1917	1919	1718	1616	1719	1718	1919	1718
275	Pop7	1717	1718	1917	1719	1719	1718	1515	1819	1718	1717	1714	1717	1917	1919	1718	1916	1717	1717	1819	1717
276	Pop7	1717	1718	1917	1819	1719	1720	1515	1718	1718	1717	1714	1717	1917	1919	1718	1717	1717	1717	1819	1717
277	Pop7	1717	1718	1719	1719	1719	1718	1515	1819	1718	1717	1714	1717	1917	1922	1718	1717	1717	1717	1819	1717
278	Pop7	1717	1718	1619	1819	1717	1720	1515	1718	1716	1717	1717	1717	1917	1922	1718	1716	1717	1717	1819	1717
279	Pop7	1716	1818	1719	1718	1919	1718	1715	1718	1716	1817	1717	1717	1917	1922	1818	1616	1919	1919	1819	1721
280	Pop7	1716	1719	1717	1818	1919	1720	1515	1919	1816	1817	1714	1717	1917	1922	1816	1719	1717	1718	1919	1717
281	Pop7	1716	1818	1717	1718	1919	2020	1715	1919	1718	1718	1717	1717	1917	1919	1718	1916	1719	1719	1919	1717
282	Pop7	1616	1718	1919	1819	1719	1718	1717	1919	1718	1717	1717	1717	1917	1919	1718	1716	1719	1718	1919	1717
283	Pop7	1716	1718	1719	1718	1919	1720	1715	1718	1716	1718	1717	1717	1717	1922	1818	1616	1919	1717	1919	1717
285	Pop8	1717	1717	1919	1818	1919	1717	1713	1718	1717	1717	1818	1717	1717	0000	1817	1616	1719	1718	1719	1717
286	Pop8	1716	1718	1716	1719	1719	1818	1715	1818	1816	1718	1814	1717	1818	0000	1817	0000	1717	1819	1919	1721
287	Pop8	1717	1818	1619	1719	1921	1720	1715	1819	1816	1718	1817	1717	1718	1719	1717	1916	1715	1819	1919	1721
288	Pop8	1717	1718	1919	1818	1919	1717	1111	1818	1717	1717	1714	1718	1919	2323	1818	1716	1619	1717	1818	1717
289	Pop8	1716	1718	1719	1818	1919	1717	1313	1814	1816	1718	1414	1717	1719	1919	1817	1717	1719	1718	2020	1717
290	Pop8	1717	1718	1719	1818	1922	1818	1511	1720	1717	1718	1717	1717	1719	1923	1817	1716	1717	1717	1819	1717
291	Pop8	1716	1718	1720	1718	1819	1720	1515	1818	1718	1717	1717	1717	1717	1922	1818	1716	1717	1718	1919	1717
292	Pop8	1717	1718	1919	1718	1919	1717	1717	1820	1717	1717	0000	1717	0000	1923	0000	0000	1717	1720	1818	2121
293	Pop8	1616	1818	1919	1819	1919	1717	1711	1819	1717	1717	1717	1717	1716	2222	1816	1718	1717	1719	1819	1721
294	Pop8	1716	1819	1720	1819	1719	1720	1111	1819	1718	1718	1717	1718	1719	1722	1818	1716	1717	1718	1819	1721
295	Pop8	1716	1718	2020	1818	1719	1720	1711	1818	1718	1718	1717	1717	1719	2223	1818	1916	1717	1717	1819	1721
296	Pop8	1716	1718	1720	1818	1919	2020	1515	1920	1717	1718	1717	1717	1916	2319	1818	1717	1915	1717	1919	2121
297	Pop8	1716	1818	1619	1818	1919	1718	1715	1719	1716	1718	1817	1717	1719	1919	1717	1719	1719	1818	1719	1717
298	Pop8	1716	1717	1919	1718	1718	2020	1717	1819	1718	1718	1817	1717	1717	1919	1717	1716	1715	1717	1717	1717
299	Pop8	1717	1818	1920	1718	1715	1820	0000	1717	1718	1717	1717	1717	1916	1719	1818	1616	1717	1718	1719	1718
300	Pop8	1717	1718	1719	1818	1719	1718	1111	1818	1718	1717	1714	1717	1717	1919	1816	1616	1719	1717	1818	1821
301	Pop8	1716	1718	1717	1718	1815	1818	1515	1819	1717	1717	1414	1717	0000	1919	1818	1717	1716	1818	1919	1717
302	Pop8	1717	1818	1717	1819	1719	1820	1711	1718	1716	1717	1817	1717	1717	1919	1717	1717	1719	1718	1819	1717
303	Pop8	0000	1718	1819	1818	1715	2020	1717	1714	1717	1717	1818	1718	1515	1723	1818	1716	1919	1718	1719	1717
304	Pop8	1715	1718	1717	1718	1919	2020	1716	1719	1718	1717	1817	1717	1919	1919	1817	1816	1919	1819	1720	1717
305	Pop8	1717	1818	1717	1818	1719	1720	1711	1718	1716	1717	1817	1717	1717	1919	1717	1717	1719	1718	1819	1717
306	Pop8	1616	1718	1717	1718	1719	1720	1515	1819	1718	1718	1714	1717	1716	1922	1818	1616	1717	1818	1919	1721
307	Pop8	1717	1718	1719	1818	1921	1820	1713	1714	1816	1718	1717	1717	1719	1922	1817	1716	1715	1819	1719	1717
308	Pop8	1717	1718	1919	1818	1819	1718	1515	1714	1718	1716	1714	1717	1919	2122	1817	1616	1717	1717	1919	1717
309	Pop8	0000	1717	0000	1818	1919	1720	1515	1814	1818	1717	1817	1720	0000	0000	1818	1716	0000	1717	1919	1717
310	Pop8	1816	1717	1719	1819	1717	2020	1715	1919	1716	1818	1717	1717	1717	1919	1716	1616	1716	1919	1919	1717
311	Pop8	1716	1718	1716	1818	1919	1820	1715	1719	1716	1718	1817	1717	1719	1919	1817	1719	1719	1818	1720	1717
312	Pop8	0000	1818	1919	1818	1818	1720	1713	1719	1818	1716	1817	1717	1717	1919	1818	1718	1714	1819	2020	1717
313	Pop8	1717	1718	1719	1819	1721	2020	1715	1719	1716	1718	1717	1717	1718	1719	1817	1719	1715	1819	1920	1717
314	Pop8	1717	1718	1717	1818	1719	1820	1513	1818	1818	1717	1714	1717	1915	1919	1817	1716	1714	1819	1920	1717
315	Pop8	1717	1717	1719	1818	1719	1820	1311	1719	1718	1718	1717	1717	1919	1922	1818	1916	1717	1818	1820	1821
316	Pop8	1717	1818	1717	1718	1719	1817	1717	1719	1718	1717	1814	1717	1717	1719	1718	1916	1917	1819	1719	1717
317	Pop8	1716	1718	1719	1818	1919	2020	1512	1920	1815	1717	1717	1718	1717	1917	1818	1616	1715	1818	1919	1721
318	Pop8	1716	1818	1717	1718	1719	1718	1712	1819	1718	1717	1714	1717	1716	1922	1818	1616	1917	1819	1819	1717
319	Pop8	1716	1717	1717	1718	1919	1720	1716	1719	1718	1718	1817	1717	1919	1919	1718	1816	1919	1819	1720	1717
320	Pop8	1716	0000	1716	0000	0000	1720	1715	1814	1816	1816	1814	1717	1717	0000	1718	0000	1717	1819	0000	1721
322	Pop9	1616	1718	1919	1818	0000	1720	1717	1818	1818	1718	1717	1717	1919	1919	1818	1616	1717	1718	1718	1717
323	Pop9	1718	1718	1819	1818	0000	1818	1111	1818	1616	1818	1717	1717	1919	0000	1717	1619	1719	0000	0000	1717
324	Pop9	1616	1818	1919	1818	1919	1818	1515	1914	1717	1818	1717	1717	1919	1922	1718	1919	1919	1718	1919	1717
325	Pop9	1716	1819	1919	1819	1919	1718	1513	1719	1718	1818	1714	1717	1919	1719	1718	1719	1719	1718	1719	1717
326	Pop9	1717	1818	1918	1819	1719	1717	1513	1719	1718	1818	1718	1717	1919	1922	1717	1619	1719	1718	1719	1717
327	Pop9	1718	1719	1919	1818	1717	1718	1511	1819	1617	1718	1717	1717	0000	1919	1818	1717	1719	1718	1717	1717
328	Pop9	1717	1718	1919	1818	1719	1718	1717	1914	1816	1816	1717	1717	1916	1919	1718	1716	1719	1718	1719	1717
329	Pop9	1717	1718	1919	1819	1719	1720	1715	1819	1716	1817	1718	1717	1916	1919	1718	1616	1719	1719	1919	1717
330	Pop9	1717	1717	1919	1818	1721	1818	1711	1819	1716	1817	1717	1717	1717	1922	1718	1916	1719	1717	1818	1717
331	Pop9	1717	1717	1919	1819	1719	1718	1713	1914	1716	1716	0000	1717	1619	1919	1818	1716	1919	1718	1720	1717
332	Pop9	1717	1719	1719	1819	1919	1820	1713	1718	1717	1818	1717	1717	1918	1922	1717	1716	1919	1718	1719	1717
333	Pop9	1818	1718	1919	1818	1719	1818	1713	1818	1718	1818	1717	1717	1717	1919	1718	1916	1717	1717	1820	1717
334	Pop9	1718	1718	1919	1818	1719	1820	1711	1819	1717	1817	1717	1717	1716	1919	1718	1916	1719	1717	1819	1717
335	Pop9	1716	1819	1719	1818	1721	1820	1713	1914	1718	1817	1718	1717	1917	1922	1718	1716	1719	1718	1720	1718
336	Pop9	1718	1718	1919	1818	1719	1820	1711	1819	1717	1817	1717	1717	1716	1922	1718	1717	1719	1717	1819	1717
337	Pop9	1717	1718	1919	1819	1717	1717	1717	1919	1616	1818	1818	1717	1616	1919	1718	1716	0000	1718	1716	1717
338	Pop9	1818	1717	1917	1818	1719	1717	1717	1919	1718	1817	1818	1718	0000	1922	0000	1717	1716	1818	1920	1717
339	Pop9	1717	1717	1919	1818	1719	1720	1715	1818	1818	1817	1717	1717	1917	1919	1718	1717	1719	1719	1920	1717
340	Pop9	1716	1718	1919	1819	1719	1720	1715	1819	1716	1817	1718	1717	1916	1719	1718	1716	1719	1719	1919	1717
341	Pop9	1717	1718	1719	1818	1920	1720	1713	1719	1717	1818	1718	1717	1916	1919	1718	1719	1719	1718	1720	1717
342	Pop9	1716	1718	1919	1818	1919	1718	1713	1914	1716	1818	1718	1717	1916	1919	1818	1716	1719	1717	1920	1717
343	Pop9	1716	1718	1919	1818	1719	1818	1713	1818	1816	1817	1718	1717	1917	1917	1718	1719	1717	1719	1919	1717
344	Pop9	1718	1718	1919	1818	1719	1720	1711	1819	1717	1817	1717	1717	1716	1919	1718	1716	1719	1717	1819	1717
345	Pop9	1716	1717	1919	1819	1719	1720	1713	1914	1716	1716	1717	1717	1916	1719	1818	1719	1919	1718	1720	1717
346	Pop9	1716	1719	1919	1819	1719	2020	1711	1819	1816	1817	1718	1717	1917	1919	1718	1916	1719	1718	1718	1718
347	Pop9	1716	1819	1919	1819	1919	1720	1513	1719	1718	1818	1717	1717	1919	1919	1717	1716	1919	1718	1719	1717
348	Pop9	1717	1718	1919	1819	1919	1820	1111	1814	1616	1817	1717	1718	1716	1919	1718	1916	1919	1718	1818	1717
349	Pop9	1716	1818	1917	1819	1719	1820	1111	1818	1717	1817	1717	1717	1716	1919	1718	1719	1719	1718	1818	1717
350	Pop9	1718	1718	1919	1919	1919	1720	1511	1717	1716	1817	1718	1717	1917	1919	1818	1616	1919	1718	1819	1717
351	Pop9	1716	1819	1917	1818	1720	1820	1713	1914	1718	1817	1718	1717	1917	1919	1718	1716	1719	1718	1720	1718
352	Pop9	1716	1717	1918	1819	1921	1720	1717	1714	1717	1817	1717	1717	1719	1922	1818	1717	1719	1718	1717	1717
354	Pop10	1717	1718	1719	1819	1719	1718	1715	1718	1616	1717	1417	1718	1717	1919	1718	1717	1717	1718	1919	1717
355	Pop10	1717	1717	1919	1818	1919	1718	1513	1819	1717	1818	1717	1717	1819	1919	1816	1716	1919	1818	1919	1717
356	Pop10	1717	1717	1719	1817	1919	2020	1715	1819	1718	1717	1417	1717	1717	1922	1817	1716	1919	1717	1919	1717
357	Pop10	0000	1718	0000	1818	1719	1820	1715	1919	1716	1818	1717	1717	1719	1922	0000	0000	1717	1719	1919	1721
358	Pop10	1616	1718	1719	1719	2122	1920	1711	1718	1816	1717	1718	1717	1717	1919	1817	1616	1715	1718	1718	1717
359	Pop10	1716	1818	1919	1819	1919	1720	1515	1714	1718	1717	1717	1717	1719	1922	1617	1716	0000	1718	1919	1717
360	Pop10	1717	1717	1717	1819	1719	1719	1715	1818	1718	1718	1717	1718	1719	1922	1816	1717	1719	1718	1919	1717
361	Pop10	1717	1718	1719	1818	1922	2020	1111	1919	1716	1718	1417	1717	1717	1919	1718	1716	1717	1718	1818	1717
362	Pop10	1717	1717	1719	1718	1819	1718	1515	1818	1716	1717	1717	1717	1719	1919	1818	1716	1717	1718	1819	1717
363	Pop10	1717	1718	1716	1718	1919	2020	1512	1718	1718	1718	1717	1717	1719	1919	1718	1716	1719	1718	1719	1717
364	Pop10	1716	1718	1719	1718	1919	1820	1515	1814	1816	1718	1814	1717	1719	1919	1818	1719	1717	1718	1919	1717
365	Pop10	1716	1718	1619	1819	1919	1920	1511	1714	1718	1718	1717	1717	1719	1919	1717	1716	1919	1718	1819	1717
366	Pop10	0000	1718	1919	1719	1919	0000	1715	1814	1717	1718	1717	1717	1719	1919	1818	1717	1719	1718	1719	1717
367	Pop10	1717	1818	1617	1718	1719	1820	1717	1719	1717	1818	1718	1717	1719	1919	1718	1816	1719	1718	1919	1717
368	Pop10	1717	1717	1620	1718	1718	1720	1715	1819	1718	1717	1718	1717	1919	1919	1718	1616	1717	1719	1719	1717
369	Pop10	0000	1717	1717	1819	1919	1720	1717	1819	1717	1718	1714	1717	1717	1919	1718	1717	1717	1818	1718	1717
370	Pop10	1717	1717	1619	1819	1719	1718	1711	1819	1718	1718	1714	1718	1719	1922	1816	1717	1719	1717	1819	1721
371	Pop10	0000	1717	1720	1717	1719	1717	1515	1914	1717	1818	1717	1717	1919	0000	1818	1716	1719	1819	1719	1717
372	Pop10	1717	1718	1717	1719	1819	1720	1511	1718	1717	1818	1717	1717	1719	0000	1818	1716	1719	1818	1819	1717
373	Pop10	1717	1717	1719	1818	1919	1720	1513	1718	1717	1718	1717	1717	1919	1919	1716	1816	1919	1819	1920	1717
374	Pop10	1717	1818	1719	1718	1919	1720	1715	1818	1718	1818	1714	1717	1919	0000	1716	1916	1719	1819	1719	1717
375	Pop10	1716	1818	1617	1719	1719	1718	1615	1918	1718	1718	1718	1718	1719	0000	1818	1616	1719	1819	1719	1717
376	Pop10	0000	1717	1719	1719	1719	2020	0000	1719	1718	1717	1717	1717	1719	0000	1718	1717	1719	1718	1718	1717
377	Pop10	0000	1717	0000	1719	1818	0000	1515	1919	1816	1718	1814	1717	0000	0000	1616	1717	1919	1818	0000	1717
378	Pop10	1717	1717	1719	1818	1719	1820	1513	1819	1716	1718	1714	1717	1719	0000	1718	1717	1719	1717	1819	1721
379	Pop10	1718	1718	1717	1818	1922	1820	1511	1919	1716	1718	1717	1717	1719	0000	1818	1717	1717	1819	1819	1717
380	Pop10	1716	1717	1719	1818	1722	1820	1513	1920	1716	1718	1717	1717	1719	0000	1818	1717	1719	1718	1819	1721
381	Pop10	1716	1717	1919	1718	1919	1718	1711	1818	1818	1718	1718	1717	1919	0000	1818	1616	1719	1718	1819	1717
382	Pop10	1717	1718	1919	1818	1717	2020	1715	1718	1717	1818	1717	1717	1717	0000	1817	1716	1717	1718	1819	1717
383	Pop10	1716	1818	1919	1818	1719	1718	1712	1718	1716	1818	1717	1717	1719	0000	1817	1916	1717	1719	1719	1717
384	Pop10	1717	1718	1919	1819	1821	1720	1715	1814	1718	1718	1717	1717	1719	0000	1818	1716	1715	1717	1719	1717
385	Pop10	1717	1717	1720	1818	1718	1718	1713	1818	1816	1717	1717	1717	1717	0000	1818	1716	1717	1818	1919	1717
386	Pop10	1717	1718	1719	1919	1719	2020	1515	1818	1717	1818	1714	1717	1717	0000	1818	1717	1719	1818	1919	1717
387	Pop10	1716	1718	1719	1718	1919	1720	1514	1717	1717	1718	1718	1717	1619	1919	1718	1816	1919	1717	1818	1717
388	Pop10	0000	0000	1919	0000	0000	0000	0000	1717	1716	1719	0000	0000	0000	0000	1616	0000	0000	1717	0000	0000
389	Pop10	1717	1717	1919	1718	1919	1818	1111	1718	1717	1718	1714	1717	1719	1919	1818	1916	1719	1717	1818	1717
390	Pop10	1717	1717	1920	1818	1719	1818	1511	1814	1717	1718	1718	1718	1719	1922	1816	1717	1719	1718	1819	1717
391	Pop10	1717	1717	0000	1819	1819	1818	1715	1718	1616	1717	1714	1718	1719	1919	1717	1717	1717	1819	1818	1717
392	Pop10	0000	1717	1919	0000	0000	1818	1111	0000	1717	1818	1818	0000	1719	0000	1616	0000	1719	1818	0000	0000
393	Pop10	1717	1717	1619	1819	1717	1718	1715	1818	1717	1818	1717	1717	1919	1919	1717	1616	1717	1718	1919	1717
394	Pop10	1717	1718	1719	1819	1919	1718	1515	1718	1716	1717	1818	1717	1719	1919	1718	1716	1719	1719	1919	1717
395	Pop10	1717	1718	1719	1818	1922	1820	1511	1819	1716	1718	1714	1717	1719	1922	1718	1717	1717	1719	1819	1717
396	Pop10	1716	1717	1720	1819	1719	1820	1515	1818	1716	1717	1717	1718	1919	1922	1716	1616	1719	1819	1919	1721
398	Pop11	0000	1718	1720	1819	0000	1920	1312	1920	1816	1716	1717	1816	1717	1919	1717	1718	1717	1718	1820	1721
399	Pop11	1716	1718	1720	1919	1717	1920	1312	1720	1816	1716	1717	1816	1717	0000	1717	1718	0000	1718	1820	1921
400	Pop11	1716	1718	2022	1819	0000	1920	1111	1819	1717	1816	0000	1717	0000	1719	1719	1616	1715	1718	1818	1720
401	Pop11	0000	1717	1717	0000	0000	1820	1313	1719	1717	1616	0000	1717	1717	0000	1616	1616	1717	1818	1720	1721
402	Pop11	1616	1718	1719	1818	2121	1717	1414	1818	1818	1718	1717	1616	1717	0000	1616	1716	0000	1818	1818	1721
403	Pop11	1716	1717	1720	1819	1921	1919	1712	1719	1718	1818	1718	1717	1717	1719	1717	1718	1719	1818	1718	1721
404	Pop11	0000	1717	1720	1918	1821	0000	1414	1719	1818	1617	1717	1716	1717	1722	1717	1616	0000	1718	1818	1717
405	Pop11	1718	1717	1716	1919	0000	1720	1713	1719	1716	1716	1714	1717	1718	1919	1616	1717	1719	1718	1718	1720
406	Pop11	0000	1718	1717	1919	1819	1720	1311	1718	1817	1717	1718	1714	1717	1719	1717	1716	1717	1718	1821	1721
407	Pop11	1717	1718	1717	1919	1921	0000	1211	1717	1817	1717	1714	1714	1716	1719	1717	1818	1715	1718	1717	1721
408	Pop11	1717	1819	1716	1718	1821	0000	1512	1719	1716	1616	1914	1720	1718	1717	1717	1616	1817	1717	1919	1719
409	Pop11	0000	1718	1719	1919	1919	1717	1313	1818	1818	0000	1717	1616	1717	1919	1716	1716	1915	1718	1818	1721
410	Pop11	1716	1717	0000	1819	1719	2020	1411	1819	1818	1718	1717	1616	1717	1919	1616	1818	1717	1718	1817	1721
411	Pop11	1716	1718	1720	1819	1717	1920	1413	1920	1816	1718	1717	1816	1717	1919	1717	1718	1717	1718	1820	1721
412	Pop11	1718	1717	1720	1919	1821	1820	1717	1819	1817	1818	1719	1716	1819	1920	1716	1718	1715	1717	1717	1721
413	Pop11	0000	1718	1716	1919	1919	1720	1711	1819	1816	1716	1719	1716	1718	1919	1716	1719	1919	1718	1717	1721
414	Pop11	0000	1717	1716	1819	1919	1717	1711	1719	1817	1717	1717	1717	1717	1919	1716	1717	1717	1718	1718	1720
415	Pop11	0000	1717	1717	1919	1818	2020	1712	1819	1818	1617	1718	0000	1719	1920	1716	1717	0000	0000	0000	1717
416	Pop11	0000	1717	1720	1919	1921	1820	1313	1719	1817	1718	1717	1716	1717	1919	1716	1716	1715	1718	1821	1717
417	Pop11	0000	1718	1721	1819	1919	1720	1313	1919	1817	1616	1719	1817	1717	1719	1816	1717	1719	1717	1718	1720
418	Pop11	1718	1818	2020	1919	1919	1920	0000	1819	1816	1716	1719	1616	1719	1919	1719	1718	1717	0000	1721	1719
419	Pop11	0000	1717	1722	1919	0000	1717	1514	1919	1717	1718	1717	1716	0000	1919	1717	1717	1515	1818	1717	1717
420	Pop11	1717	1717	1716	1819	1719	1820	1311	1819	1818	1617	1719	1716	1717	1919	1816	1618	1715	1818	1718	1717
421	Pop11	0000	1717	1720	1819	1718	1718	1717	1719	1716	1718	1718	1614	1719	1720	1716	1718	0000	1718	1720	1721
422	Pop11	1717	1717	1717	1819	1720	1720	1713	1719	1717	1617	1717	1714	1719	1920	1718	1718	1715	1718	1721	1721
423	Pop11	0000	1717	1620	1919	1719	1720	1715	1719	1716	1717	0000	1717	1717	1919	1816	1716	1917	1817	1720	1717
424	Pop11	1716	1717	1720	1619	1719	1820	1711	1819	1816	1718	1718	1717	1717	1722	1717	1717	1717	1718	1717	1717
425	Pop11	1717	1717	1717	1919	1717	2020	1313	1919	1717	1718	1919	1717	1716	0000	1718	1719	1717	1818	1717	1717
426	Pop11	1716	1717	1620	1919	1719	1720	1715	1719	1717	1717	1714	1717	1719	1919	1816	1717	1719	1718	1720	1717
427	Pop11	0000	1718	1719	1919	1818	1720	1311	1718	1817	1717	1718	1714	1717	1719	1717	1716	0000	1817	1821	1721
428	Pop11	1718	1718	2020	1919	1719	1717	1515	1819	1717	1718	1818	1717	1719	1719	1716	1816	1719	1717	1920	1717
429	Pop11	1718	1719	1719	1919	1721	0000	1711	1819	1817	1617	1717	1717	1719	1819	1717	1716	1715	1718	1720	1721
430	Pop11	1718	1717	1620	1619	1719	0000	1714	1718	1617	1717	1718	1716	1719	1719	1717	1716	1717	1717	1721	1721
431	Pop11	1717	1718	1717	1819	1919	2020	1714	1920	1817	1718	1914	1718	1719	1919	1716	1718	0000	1718	1719	1721
432	Pop11	1716	1717	1719	1818	2021	1720	1714	1718	1818	1718	1717	1716	1717	1919	1716	1717	1915	1718	1717	1720
433	Pop11	1717	1718	1720	1819	1719	1717	1514	1718	1717	1718	1718	1717	1717	1722	1717	1716	1717	1717	1820	1717
434	Pop11	0000	1717	1717	1819	2021	2020	1710	1718	1818	1718	1717	1716	1717	1919	1716	1717	1915	1718	1717	1717
435	Pop11	1817	1717	1719	1919	1921	1720	1715	1919	1718	1718	1717	1716	1717	1919	1717	1718	1715	1718	1717	1717
436	Pop11	1718	1717	1717	1819	1921	1720	1713	1919	1817	1718	1717	1716	1717	1919	1717	1718	1715	1718	1717	1721
437	Pop11	1717	1719	1720	1819	1719	1720	1511	1819	1718	1716	1718	1717	1717	1719	1716	1618	1719	1717	1718	1717
438	Pop11	0000	1717	1720	1818	1919	2020	1211	1819	1818	1717	1717	1717	1717	1717	1716	1716	1817	1717	1720	1717
//end of file