//configuration				
//#alleledigits(1~4)	#outputdigits(0~10)	#missingallele	#ambiguousallele	#nthreads(1~64)
1	4	0	999	1
//allele frequency				
Loc1	2	Loc2	2
1	0.5	1	0.5
2	0.5	2	0.5
//locus weight
1	1
//genotype				
Ind	Pop	Loc1	Loc2
1	1	11	11
2	1	11	11
3	1	11	11
4	1	11	11
5	1	11	11
6	1	11	11
7	1	11	11
8	1	11	11
9	1	11	11
10	1	11	11
11	1	11	11
12	1	11	11
13	1	11	11
14	1	11	11
15	1	11	11
16	1	11	11
17	1	11	11
18	1	11	11
19	1	11	11
20	1	11	11
21	1	11	11
22	1	11	11
23	1	11	11
24	1	11	11
25	1	11	11
26	1	11	11
27	1	11	11
28	1	11	11
29	1	11	11
30	1	11	11
31	1	11	11
32	1	11	11
33	1	11	11
34	1	11	11
35	1	11	11
36	1	11	11
37	1	11	11
38	1	11	11
39	1	11	11
40	1	11	11
41	1	11	11
42	1	11	11
43	1	11	11
44	1	11	11
45	1	11	11
46	1	11	11
47	1	11	11
48	1	11	11
49	1	11	11
50	1	11	11
51	1	11	11
52	1	11	11
53	1	11	11
54	1	11	11
55	1	11	11
56	1	11	11
57	1	11	11
58	1	22	11
59	1	22	11
60	1	22	11
61	1	22	11
62	1	22	11
63	1	22	11
64	1	22	11
65	1	22	11
66	1	22	11
67	1	22	11
68	1	22	11
69	1	22	11
70	1	22	11
71	1	22	11
72	1	22	11
73	1	22	11
74	1	22	11
75	1	22	11
76	1	22	11
77	1	22	11
78	1	22	11
79	1	22	11
80	1	22	11
81	1	22	11
82	1	22	11
83	1	22	11
84	1	22	11
85	1	22	22
86	1	22	22
87	1	22	22
88	1	22	22
89	1	22	22
90	1	22	22
91	1	22	22
92	1	22	22
93	1	22	22
94	1	22	22
95	1	22	22
96	1	22	22
97	1	22	22
98	1	22	22
99	1	22	22
100	1	22	22
101	1	22	22
102	1	22	22
103	1	22	22
104	1	22	22
105	1	22	22
106	1	22	22
107	1	22	22
108	1	22	22
109	1	22	22
110	1	22	22
111	1	22	22
112	1	22	22
113	1	22	22
114	1	22	22
115	1	22	22
116	1	22	22
117	1	22	22
118	1	22	22
119	1	22	22
120	1	22	22
121	1	22	22
122	1	22	22
123	1	22	22
124	1	22	22
125	1	22	22
126	1	22	22
127	1	22	22
128	1	22	22
129	1	22	22
130	1	22	22
131	1	22	22
132	1	22	22
133	1	22	22
134	1	22	22
135	1	22	22
136	1	22	22
137	1	22	22
138	1	22	22
139	1	22	22
140	1	22	22
141	1	22	22
142	1	22	22
143	1	22	22
144	1	22	22
145	1	22	22
146	1	22	22
147	1	22	22
148	1	22	22
149	1	22	22
150	1	22	22
151	1	22	22
152	1	22	22
153	1	22	22
154	1	22	22
155	1	22	22
156	1	22	22
157	1	22	22
158	1	22	22
159	1	22	22
160	1	22	22
161	1	22	22
162	1	22	22
163	1	22	22
164	1	22	22
165	1	22	22
166	1	22	22
167	1	22	22
168	1	22	22
169	1	22	12
170	1	22	12
171	1	22	12
172	1	22	12
173	1	12	12
174	1	12	12
175	1	12	12
176	1	12	12
177	1	12	12
178	1	12	12
179	1	12	12
180	1	12	12
181	1	12	12
182	1	12	12
183	1	12	12
184	1	12	12
185	1	12	12
186	1	12	12
187	1	12	12
188	1	12	12
189	1	12	12
190	1	12	12
191	1	12	12
192	1	12	12
193	1	12	12
194	1	12	12
195	1	12	12
196	1	12	12
197	1	12	12
198	1	12	12
199	1	12	12
200	1	12	12
201	1	12	12
202	1	12	12
203	1	12	12
204	1	12	12
205	1	12	12
206	1	12	12
207	1	12	12
208	1	12	12
209	1	12	12
210	1	12	12
211	1	12	12
212	1	12	12
213	1	12	12
214	1	12	12
215	1	12	12
216	1	12	12
217	1	12	12
218	1	12	12
219	1	12	12
220	1	12	12
221	1	12	12
222	1	12	12
223	1	12	12
224	1	12	12
225	1	12	12
226	1	12	12
227	1	12	12
228	1	12	12
229	1	12	12
230	1	12	12
231	1	12	12
232	1	12	12
233	1	00	00
234	1	00	00
235	1	00	00
236	1	00	00
237	1	00	00
238	1	00	00
239	1	00	00
240	1	00	00
241	1	00	00
242	1	00	00
243	1	00	00
244	1	00	00
245	1	00	00
246	1	00	00
247	1	00	00
248	1	00	00
249	1	00	00
250	1	00	00
//end of file	