//configuration				
//#alleledigits(1~4)	#outputdigits(0~10)	#missingallele	#ambiguousallele	#nthreads(1~64)
1	4	0	999	1
//allele frequency				
Loc1	2	Loc2	2
1	0.5	1	0.5
2	0.5	2	0.5
//locus weight
1	1
//genotype				
Ind	Pop	Loc1	Loc2
1	1	11	11
2	1	11	11
3	1	11	11
4	1	11	11
5	1	11	11
6	1	11	11
7	1	11	11
8	1	11	11
9	1	11	11
10	1	11	11
11	1	11	11
12	1	11	11
13	1	11	11
14	1	11	11
15	1	11	11
16	1	11	11
17	1	11	11
18	1	11	11
19	1	11	11
20	1	11	11
21	1	11	11
22	1	22	11
23	1	22	11
24	1	22	11
25	1	22	11
26	1	22	11
27	1	22	11
28	1	22	11
29	1	22	11
30	1	22	11
31	1	22	11
32	1	22	11
33	1	22	22
34	1	22	22
35	1	22	22
36	1	22	22
37	1	22	22
38	1	22	22
39	1	22	22
40	1	22	22
41	1	22	22
42	1	22	22
43	1	22	22
44	1	22	22
45	1	22	22
46	1	22	22
47	1	22	22
48	1	22	22
49	1	22	22
50	1	22	22
51	1	22	22
52	1	22	22
53	1	22	22
54	1	22	22
55	1	22	22
56	1	22	22
57	1	22	22
58	1	22	22
59	1	22	22
60	1	22	22
61	1	22	22
62	1	22	22
63	1	22	22
64	1	22	22
65	1	22	12
66	1	22	12
67	1	12	12
68	1	12	12
69	1	12	12
70	1	12	12
71	1	12	12
72	1	12	12
73	1	12	12
74	1	12	12
75	1	12	12
76	1	12	12
77	1	12	12
78	1	12	12
79	1	12	12
80	1	12	12
81	1	12	12
82	1	12	12
83	1	12	12
84	1	12	12
85	1	12	12
86	1	12	12
87	1	12	12
88	1	12	12
89	1	12	12
90	1	12	12
91	1	12	12
92	1	12	12
93	1	12	12
94	1	12	12
95	1	12	12
96	1	12	12
97	1	00	00
98	1	00	00
99	1	00	00
100	1	00	00
//end of file	