//configuration				
//#alleledigits(1~4)	#outputdigits(0~10)	#missingallele	#ambiguousallele	#nthreads(1~64)
1	4	0	999	1
//allele frequency				
Loc1	2	Loc2	2
1	0.5	1	0.5
2	0.5	2	0.5
//locus weight
1	1
//genotype				
Ind	Pop	Loc1	Loc2
1	1	11	11
2	1	11	11
3	1	11	11
4	1	11	11
5	1	11	11
6	1	11	11
7	1	11	11
8	1	11	11
9	1	11	11
10	1	11	11
11	1	11	11
12	1	11	11
13	1	11	11
14	1	11	11
15	1	11	11
16	1	11	11
17	1	11	11
18	1	11	11
19	1	11	11
20	1	11	11
21	1	11	11
22	1	11	11
23	1	11	11
24	1	11	11
25	1	11	11
26	1	11	11
27	1	11	11
28	1	11	11
29	1	11	11
30	1	11	11
31	1	11	11
32	1	11	11
33	1	11	11
34	1	11	11
35	1	11	11
36	1	11	11
37	1	11	11
38	1	11	11
39	1	11	11
40	1	11	11
41	1	11	11
42	1	11	11
43	1	11	11
44	1	11	11
45	1	11	11
46	1	11	11
47	1	11	11
48	1	11	11
49	1	11	11
50	1	11	11
51	1	11	11
52	1	11	11
53	1	11	11
54	1	11	11
55	1	11	11
56	1	11	11
57	1	11	11
58	1	11	11
59	1	11	11
60	1	11	11
61	1	11	11
62	1	11	11
63	1	11	11
64	1	11	11
65	1	11	11
66	1	11	11
67	1	11	11
68	1	11	11
69	1	11	11
70	1	11	11
71	1	11	11
72	1	11	11
73	1	11	11
74	1	11	11
75	1	11	11
76	1	11	11
77	1	11	11
78	1	11	11
79	1	11	11
80	1	11	11
81	1	11	11
82	1	11	11
83	1	11	11
84	1	11	11
85	1	11	11
86	1	11	11
87	1	11	11
88	1	11	11
89	1	11	11
90	1	11	11
91	1	11	11
92	1	11	11
93	1	11	11
94	1	11	11
95	1	11	11
96	1	11	11
97	1	11	11
98	1	11	11
99	1	11	11
100	1	11	11
101	1	11	11
102	1	11	11
103	1	11	11
104	1	11	11
105	1	11	11
106	1	11	11
107	1	11	11
108	1	11	11
109	1	11	11
110	1	11	11
111	1	11	11
112	1	11	11
113	1	11	11
114	1	11	11
115	1	22	11
116	1	22	11
117	1	22	11
118	1	22	11
119	1	22	11
120	1	22	11
121	1	22	11
122	1	22	11
123	1	22	11
124	1	22	11
125	1	22	11
126	1	22	11
127	1	22	11
128	1	22	11
129	1	22	11
130	1	22	11
131	1	22	11
132	1	22	11
133	1	22	11
134	1	22	11
135	1	22	11
136	1	22	11
137	1	22	11
138	1	22	11
139	1	22	11
140	1	22	11
141	1	22	11
142	1	22	11
143	1	22	11
144	1	22	11
145	1	22	11
146	1	22	11
147	1	22	11
148	1	22	11
149	1	22	11
150	1	22	11
151	1	22	11
152	1	22	11
153	1	22	11
154	1	22	11
155	1	22	11
156	1	22	11
157	1	22	11
158	1	22	11
159	1	22	11
160	1	22	11
161	1	22	11
162	1	22	11
163	1	22	11
164	1	22	11
165	1	22	11
166	1	22	11
167	1	22	11
168	1	22	11
169	1	22	22
170	1	22	22
171	1	22	22
172	1	22	22
173	1	22	22
174	1	22	22
175	1	22	22
176	1	22	22
177	1	22	22
178	1	22	22
179	1	22	22
180	1	22	22
181	1	22	22
182	1	22	22
183	1	22	22
184	1	22	22
185	1	22	22
186	1	22	22
187	1	22	22
188	1	22	22
189	1	22	22
190	1	22	22
191	1	22	22
192	1	22	22
193	1	22	22
194	1	22	22
195	1	22	22
196	1	22	22
197	1	22	22
198	1	22	22
199	1	22	22
200	1	22	22
201	1	22	22
202	1	22	22
203	1	22	22
204	1	22	22
205	1	22	22
206	1	22	22
207	1	22	22
208	1	22	22
209	1	22	22
210	1	22	22
211	1	22	22
212	1	22	22
213	1	22	22
214	1	22	22
215	1	22	22
216	1	22	22
217	1	22	22
218	1	22	22
219	1	22	22
220	1	22	22
221	1	22	22
222	1	22	22
223	1	22	22
224	1	22	22
225	1	22	22
226	1	22	22
227	1	22	22
228	1	22	22
229	1	22	22
230	1	22	22
231	1	22	22
232	1	22	22
233	1	22	22
234	1	22	22
235	1	22	22
236	1	22	22
237	1	22	22
238	1	22	22
239	1	22	22
240	1	22	22
241	1	22	22
242	1	22	22
243	1	22	22
244	1	22	22
245	1	22	22
246	1	22	22
247	1	22	22
248	1	22	22
249	1	22	22
250	1	22	22
251	1	22	22
252	1	22	22
253	1	22	22
254	1	22	22
255	1	22	22
256	1	22	22
257	1	22	22
258	1	22	22
259	1	22	22
260	1	22	22
261	1	22	22
262	1	22	22
263	1	22	22
264	1	22	22
265	1	22	22
266	1	22	22
267	1	22	22
268	1	22	22
269	1	22	22
270	1	22	22
271	1	22	22
272	1	22	22
273	1	22	22
274	1	22	22
275	1	22	22
276	1	22	22
277	1	22	22
278	1	22	22
279	1	22	22
280	1	22	22
281	1	22	22
282	1	22	22
283	1	22	22
284	1	22	22
285	1	22	22
286	1	22	22
287	1	22	22
288	1	22	22
289	1	22	22
290	1	22	22
291	1	22	22
292	1	22	22
293	1	22	22
294	1	22	22
295	1	22	22
296	1	22	22
297	1	22	22
298	1	22	22
299	1	22	22
300	1	22	22
301	1	22	22
302	1	22	22
303	1	22	22
304	1	22	22
305	1	22	22
306	1	22	22
307	1	22	22
308	1	22	22
309	1	22	22
310	1	22	22
311	1	22	22
312	1	22	22
313	1	22	22
314	1	22	22
315	1	22	22
316	1	22	22
317	1	22	22
318	1	22	22
319	1	22	22
320	1	22	22
321	1	22	22
322	1	22	22
323	1	22	22
324	1	22	22
325	1	22	22
326	1	22	22
327	1	22	22
328	1	22	22
329	1	22	22
330	1	22	22
331	1	22	22
332	1	22	22
333	1	22	22
334	1	22	22
335	1	22	22
336	1	22	22
337	1	22	12
338	1	22	12
339	1	22	12
340	1	22	12
341	1	22	12
342	1	22	12
343	1	22	12
344	1	22	12
345	1	12	12
346	1	12	12
347	1	12	12
348	1	12	12
349	1	12	12
350	1	12	12
351	1	12	12
352	1	12	12
353	1	12	12
354	1	12	12
355	1	12	12
356	1	12	12
357	1	12	12
358	1	12	12
359	1	12	12
360	1	12	12
361	1	12	12
362	1	12	12
363	1	12	12
364	1	12	12
365	1	12	12
366	1	12	12
367	1	12	12
368	1	12	12
369	1	12	12
370	1	12	12
371	1	12	12
372	1	12	12
373	1	12	12
374	1	12	12
375	1	12	12
376	1	12	12
377	1	12	12
378	1	12	12
379	1	12	12
380	1	12	12
381	1	12	12
382	1	12	12
383	1	12	12
384	1	12	12
385	1	12	12
386	1	12	12
387	1	12	12
388	1	12	12
389	1	12	12
390	1	12	12
391	1	12	12
392	1	12	12
393	1	12	12
394	1	12	12
395	1	12	12
396	1	12	12
397	1	12	12
398	1	12	12
399	1	12	12
400	1	12	12
401	1	12	12
402	1	12	12
403	1	12	12
404	1	12	12
405	1	12	12
406	1	12	12
407	1	12	12
408	1	12	12
409	1	12	12
410	1	12	12
411	1	12	12
412	1	12	12
413	1	12	12
414	1	12	12
415	1	12	12
416	1	12	12
417	1	12	12
418	1	12	12
419	1	12	12
420	1	12	12
421	1	12	12
422	1	12	12
423	1	12	12
424	1	12	12
425	1	12	12
426	1	12	12
427	1	12	12
428	1	12	12
429	1	12	12
430	1	12	12
431	1	12	12
432	1	12	12
433	1	12	12
434	1	12	12
435	1	12	12
436	1	12	12
437	1	12	12
438	1	12	12
439	1	12	12
440	1	12	12
441	1	12	12
442	1	12	12
443	1	12	12
444	1	12	12
445	1	12	12
446	1	12	12
447	1	12	12
448	1	12	12
449	1	12	12
450	1	12	12
451	1	12	12
452	1	12	12
453	1	12	12
454	1	12	12
455	1	12	12
456	1	12	12
457	1	12	12
458	1	12	12
459	1	12	12
460	1	12	12
461	1	12	12
462	1	12	12
463	1	12	12
464	1	12	12
465	1	00	00
466	1	00	00
467	1	00	00
468	1	00	00
469	1	00	00
470	1	00	00
471	1	00	00
472	1	00	00
473	1	00	00
474	1	00	00
475	1	00	00
476	1	00	00
477	1	00	00
478	1	00	00
479	1	00	00
480	1	00	00
481	1	00	00
482	1	00	00
483	1	00	00
484	1	00	00
485	1	00	00
486	1	00	00
487	1	00	00
488	1	00	00
489	1	00	00
490	1	00	00
491	1	00	00
492	1	00	00
493	1	00	00
494	1	00	00
495	1	00	00
496	1	00	00
497	1	00	00
498	1	00	00
499	1	00	00
500	1	00	00
501	1	00	00
502	1	00	00
503	1	00	00
504	1	00	00
505	1	00	00
506	1	00	00
507	1	00	00
508	1	00	00
509	1	00	00
510	1	00	00
511	1	00	00
512	1	00	00
513	1	00	00
514	1	00	00
515	1	00	00
516	1	00	00
517	1	00	00
518	1	00	00
519	1	00	00
520	1	00	00
521	1	00	00
522	1	00	00
523	1	00	00
524	1	00	00
525	1	00	00
526	1	00	00
527	1	00	00
528	1	00	00
529	1	00	00
530	1	00	00
531	1	00	00
532	1	00	00
533	1	00	00
534	1	00	00
535	1	00	00
536	1	00	00
537	1	00	00
538	1	00	00
539	1	00	00
540	1	00	00
541	1	00	00
542	1	00	00
543	1	00	00
544	1	00	00
545	1	00	00
546	1	00	00
547	1	00	00
548	1	00	00
549	1	00	00
550	1	00	00
551	1	00	00
552	1	00	00
553	1	00	00
554	1	00	00
555	1	00	00
556	1	00	00
557	1	00	00
558	1	00	00
559	1	00	00
560	1	00	00
561	1	00	00
562	1	00	00
563	1	00	00
564	1	00	00
565	1	00	00
566	1	00	00
567	1	00	00
568	1	00	00
569	1	00	00
570	1	00	00
571	1	00	00
572	1	00	00
573	1	00	00
574	1	00	00
575	1	00	00
576	1	00	00
577	1	00	00
578	1	00	00
579	1	00	00
580	1	00	00
581	1	00	00
582	1	00	00
583	1	00	00
584	1	00	00
585	1	00	00
586	1	00	00
587	1	00	00
588	1	00	00
589	1	00	00
590	1	00	00
591	1	00	00
592	1	00	00
593	1	00	00
594	1	00	00
595	1	00	00
596	1	00	00
597	1	00	00
598	1	00	00
599	1	00	00
600	1	00	00
601	1	00	00
602	1	00	00
603	1	00	00
604	1	00	00
605	1	00	00
606	1	00	00
607	1	00	00
608	1	00	00
609	1	00	00
610	1	00	00
611	1	00	00
612	1	00	00
613	1	00	00
614	1	00	00
615	1	00	00
616	1	00	00
617	1	00	00
618	1	00	00
619	1	00	00
620	1	00	00
621	1	00	00
622	1	00	00
623	1	00	00
624	1	00	00
625	1	00	00
//end of file	